-------------lambda value--------------
la [*] :=
  1 1.68506e-10    26 0.9            51 4.11914e-10    76 1.70178e-10
  2 1.67337e-10    27 0.9            52 4.80678e-10    77 0.9
  3 2.35198e-10    28 0.9            53 0.9            78 0.9
  4 0.9            29 1.5725e-10     54 0.9            79 1.30058e-09
  5 1.52911e-09    30 0.9            55 0.9            80 2.53862e-10
  6 0.9            31 0.9            56 7.75971e-10    81 3.08122e-10
  7 1.41792e-09    32 0.383162       57 3.40015e-10    82 2.71423e-10
  8 5.45787e-10    33 2.56376e-10    58 0.9            83 0.9
  9 5.85749e-10    34 4.23311e-10    59 0.9            84 1.37247e-10
 10 0.212141       35 0.9            60 3.53248e-10    85 1.91063e-10
 11 2.4515e-10     36 0.9            61 0.9            86 1.82138e-10
 12 0.9            37 1.56321e-10    62 1.35591e-10    87 2.70111e-10
 13 0.9            38 2.03945e-10    63 0.9            88 0.9
 14 0.9            39 2.15579e-09    64 4.53707e-10    89 2.41511e-10
 15 0.9            40 3.49501e-10    65 0.9            90 0.9
 16 0.9            41 4.66076e-10    66 0.9            91 0.9
 17 0.9            42 3.16341e-10    67 0.9            92 0.0651291
 18 0.9            43 0.9            68 0.9            93 0.9
 19 2.19095e-10    44 0.9            69 0.9            94 1.15306e-10
 20 2.28288e-10    45 0.9            70 0.9            95 0.9
 21 9.55877e-11    46 0.9            71 0.9            96 3.27178e-10
 22 1.41462e-09    47 0.9            72 1.01863e-10    97 1.31345e-09
 23 8.58365e-10    48 0.9            73 0.530173       98 2.4273e-10
 24 0.9            49 0.9            74 0.9            99 4.57262e-10
 25 0.9            50 0.9            75 0.9           100 6.23879e-10
;

---------------w values---------------
w [*] :=
1  2.53399
2  1.2709
3  1.01598
4  2.49234
;

