---------------w values---------------
w [*] :=
1  0
2  0
3  0
;

-------------gamma value--------------
gamma = 0.211369

-------------y_pred value--------------
y_pred [*] :=
   1 1    113 1    225 1    337 1    449 1    561 1    673 1    785 1    897 1
   2 1    114 1    226 1    338 1    450 1    562 1    674 1    786 1    898 1
   3 1    115 1    227 1    339 1    451 1    563 1    675 1    787 1    899 1
   4 1    116 1    228 1    340 1    452 1    564 1    676 1    788 1    900 1
   5 1    117 1    229 1    341 1    453 1    565 1    677 1    789 1    901 1
   6 1    118 1    230 1    342 1    454 1    566 1    678 1    790 1    902 1
   7 1    119 1    231 1    343 1    455 1    567 1    679 1    791 1    903 1
   8 1    120 1    232 1    344 1    456 1    568 1    680 1    792 1    904 1
   9 1    121 1    233 1    345 1    457 1    569 1    681 1    793 1    905 1
  10 1    122 1    234 1    346 1    458 1    570 1    682 1    794 1    906 1
  11 1    123 1    235 1    347 1    459 1    571 1    683 1    795 1    907 1
  12 1    124 1    236 1    348 1    460 1    572 1    684 1    796 1    908 1
  13 1    125 1    237 1    349 1    461 1    573 1    685 1    797 1    909 1
  14 1    126 1    238 1    350 1    462 1    574 1    686 1    798 1    910 1
  15 1    127 1    239 1    351 1    463 1    575 1    687 1    799 1    911 1
  16 1    128 1    240 1    352 1    464 1    576 1    688 1    800 1    912 1
  17 1    129 1    241 1    353 1    465 1    577 1    689 1    801 1    913 1
  18 1    130 1    242 1    354 1    466 1    578 1    690 1    802 1    914 1
  19 1    131 1    243 1    355 1    467 1    579 1    691 1    803 1    915 1
  20 1    132 1    244 1    356 1    468 1    580 1    692 1    804 1    916 1
  21 1    133 1    245 1    357 1    469 1    581 1    693 1    805 1    917 1
  22 1    134 1    246 1    358 1    470 1    582 1    694 1    806 1    918 1
  23 1    135 1    247 1    359 1    471 1    583 1    695 1    807 1    919 1
  24 1    136 1    248 1    360 1    472 1    584 1    696 1    808 1    920 1
  25 1    137 1    249 1    361 1    473 1    585 1    697 1    809 1    921 1
  26 1    138 1    250 1    362 1    474 1    586 1    698 1    810 1    922 1
  27 1    139 1    251 1    363 1    475 1    587 1    699 1    811 1    923 1
  28 1    140 1    252 1    364 1    476 1    588 1    700 1    812 1    924 1
  29 1    141 1    253 1    365 1    477 1    589 1    701 1    813 1    925 1
  30 1    142 1    254 1    366 1    478 1    590 1    702 1    814 1    926 1
  31 1    143 1    255 1    367 1    479 1    591 1    703 1    815 1    927 1
  32 1    144 1    256 1    368 1    480 1    592 1    704 1    816 1    928 1
  33 1    145 1    257 1    369 1    481 1    593 1    705 1    817 1    929 1
  34 1    146 1    258 1    370 1    482 1    594 1    706 1    818 1    930 1
  35 1    147 1    259 1    371 1    483 1    595 1    707 1    819 1    931 1
  36 1    148 1    260 1    372 1    484 1    596 1    708 1    820 1    932 1
  37 1    149 1    261 1    373 1    485 1    597 1    709 1    821 1    933 1
  38 1    150 1    262 1    374 1    486 1    598 1    710 1    822 1    934 1
  39 1    151 1    263 1    375 1    487 1    599 1    711 1    823 1    935 1
  40 1    152 1    264 1    376 1    488 1    600 1    712 1    824 1    936 1
  41 1    153 1    265 1    377 1    489 1    601 1    713 1    825 1    937 1
  42 1    154 1    266 1    378 1    490 1    602 1    714 1    826 1    938 1
  43 1    155 1    267 1    379 1    491 1    603 1    715 1    827 1    939 1
  44 1    156 1    268 1    380 1    492 1    604 1    716 1    828 1    940 1
  45 1    157 1    269 1    381 1    493 1    605 1    717 1    829 1    941 1
  46 1    158 1    270 1    382 1    494 1    606 1    718 1    830 1    942 1
  47 1    159 1    271 1    383 1    495 1    607 1    719 1    831 1    943 1
  48 1    160 1    272 1    384 1    496 1    608 1    720 1    832 1    944 1
  49 1    161 1    273 1    385 1    497 1    609 1    721 1    833 1    945 1
  50 1    162 1    274 1    386 1    498 1    610 1    722 1    834 1    946 1
  51 1    163 1    275 1    387 1    499 1    611 1    723 1    835 1    947 1
  52 1    164 1    276 1    388 1    500 1    612 1    724 1    836 1    948 1
  53 1    165 1    277 1    389 1    501 1    613 1    725 1    837 1    949 1
  54 1    166 1    278 1    390 1    502 1    614 1    726 1    838 1    950 1
  55 1    167 1    279 1    391 1    503 1    615 1    727 1    839 1    951 1
  56 1    168 1    280 1    392 1    504 1    616 1    728 1    840 1    952 1
  57 1    169 1    281 1    393 1    505 1    617 1    729 1    841 1    953 1
  58 1    170 1    282 1    394 1    506 1    618 1    730 1    842 1    954 1
  59 1    171 1    283 1    395 1    507 1    619 1    731 1    843 1    955 1
  60 1    172 1    284 1    396 1    508 1    620 1    732 1    844 1    956 1
  61 1    173 1    285 1    397 1    509 1    621 1    733 1    845 1    957 1
  62 1    174 1    286 1    398 1    510 1    622 1    734 1    846 1    958 1
  63 1    175 1    287 1    399 1    511 1    623 1    735 1    847 1    959 1
  64 1    176 1    288 1    400 1    512 1    624 1    736 1    848 1    960 1
  65 1    177 1    289 1    401 1    513 1    625 1    737 1    849 1    961 1
  66 1    178 1    290 1    402 1    514 1    626 1    738 1    850 1    962 1
  67 1    179 1    291 1    403 1    515 1    627 1    739 1    851 1    963 1
  68 1    180 1    292 1    404 1    516 1    628 1    740 1    852 1    964 1
  69 1    181 1    293 1    405 1    517 1    629 1    741 1    853 1    965 1
  70 1    182 1    294 1    406 1    518 1    630 1    742 1    854 1    966 1
  71 1    183 1    295 1    407 1    519 1    631 1    743 1    855 1    967 1
  72 1    184 1    296 1    408 1    520 1    632 1    744 1    856 1    968 1
  73 1    185 1    297 1    409 1    521 1    633 1    745 1    857 1    969 1
  74 1    186 1    298 1    410 1    522 1    634 1    746 1    858 1    970 1
  75 1    187 1    299 1    411 1    523 1    635 1    747 1    859 1    971 1
  76 1    188 1    300 1    412 1    524 1    636 1    748 1    860 1    972 1
  77 1    189 1    301 1    413 1    525 1    637 1    749 1    861 1    973 1
  78 1    190 1    302 1    414 1    526 1    638 1    750 1    862 1    974 1
  79 1    191 1    303 1    415 1    527 1    639 1    751 1    863 1    975 1
  80 1    192 1    304 1    416 1    528 1    640 1    752 1    864 1    976 1
  81 1    193 1    305 1    417 1    529 1    641 1    753 1    865 1    977 1
  82 1    194 1    306 1    418 1    530 1    642 1    754 1    866 1    978 1
  83 1    195 1    307 1    419 1    531 1    643 1    755 1    867 1    979 1
  84 1    196 1    308 1    420 1    532 1    644 1    756 1    868 1    980 1
  85 1    197 1    309 1    421 1    533 1    645 1    757 1    869 1    981 1
  86 1    198 1    310 1    422 1    534 1    646 1    758 1    870 1    982 1
  87 1    199 1    311 1    423 1    535 1    647 1    759 1    871 1    983 1
  88 1    200 1    312 1    424 1    536 1    648 1    760 1    872 1    984 1
  89 1    201 1    313 1    425 1    537 1    649 1    761 1    873 1    985 1
  90 1    202 1    314 1    426 1    538 1    650 1    762 1    874 1    986 1
  91 1    203 1    315 1    427 1    539 1    651 1    763 1    875 1    987 1
  92 1    204 1    316 1    428 1    540 1    652 1    764 1    876 1    988 1
  93 1    205 1    317 1    429 1    541 1    653 1    765 1    877 1    989 1
  94 1    206 1    318 1    430 1    542 1    654 1    766 1    878 1    990 1
  95 1    207 1    319 1    431 1    543 1    655 1    767 1    879 1    991 1
  96 1    208 1    320 1    432 1    544 1    656 1    768 1    880 1    992 1
  97 1    209 1    321 1    433 1    545 1    657 1    769 1    881 1    993 1
  98 1    210 1    322 1    434 1    546 1    658 1    770 1    882 1    994 1
  99 1    211 1    323 1    435 1    547 1    659 1    771 1    883 1    995 1
 100 1    212 1    324 1    436 1    548 1    660 1    772 1    884 1    996 1
 101 1    213 1    325 1    437 1    549 1    661 1    773 1    885 1    997 1
 102 1    214 1    326 1    438 1    550 1    662 1    774 1    886 1    998 1
 103 1    215 1    327 1    439 1    551 1    663 1    775 1    887 1    999 1
 104 1    216 1    328 1    440 1    552 1    664 1    776 1    888 1   1000 1
 105 1    217 1    329 1    441 1    553 1    665 1    777 1    889 1
 106 1    218 1    330 1    442 1    554 1    666 1    778 1    890 1
 107 1    219 1    331 1    443 1    555 1    667 1    779 1    891 1
 108 1    220 1    332 1    444 1    556 1    668 1    780 1    892 1
 109 1    221 1    333 1    445 1    557 1    669 1    781 1    893 1
 110 1    222 1    334 1    446 1    558 1    670 1    782 1    894 1
 111 1    223 1    335 1    447 1    559 1    671 1    783 1    895 1
 112 1    224 1    336 1    448 1    560 1    672 1    784 1    896 1
;

---------------accuracy----------------
acc/m*100 = 0

---------------s values---------------
s [*] :=
   1 0    113 0    225 0    337 0    449 0    561 0    673 0    785 0    897 0
   2 0    114 0    226 0    338 0    450 0    562 0    674 0    786 0    898 0
   3 0    115 0    227 0    339 0    451 0    563 0    675 0    787 0    899 0
   4 0    116 0    228 0    340 0    452 0    564 0    676 0    788 0    900 0
   5 0    117 0    229 0    341 0    453 0    565 0    677 0    789 0    901 0
   6 0    118 0    230 0    342 0    454 0    566 0    678 0    790 0    902 0
   7 0    119 0    231 0    343 0    455 0    567 0    679 0    791 0    903 0
   8 0    120 0    232 0    344 0    456 0    568 0    680 0    792 0    904 0
   9 0    121 0    233 0    345 0    457 0    569 0    681 0    793 0    905 0
  10 0    122 0    234 0    346 0    458 0    570 0    682 0    794 0    906 0
  11 0    123 0    235 0    347 0    459 0    571 0    683 0    795 0    907 0
  12 0    124 0    236 0    348 0    460 0    572 0    684 0    796 0    908 0
  13 0    125 0    237 0    349 0    461 0    573 0    685 0    797 0    909 0
  14 0    126 0    238 0    350 0    462 0    574 0    686 0    798 0    910 0
  15 0    127 0    239 0    351 0    463 0    575 0    687 0    799 0    911 0
  16 0    128 0    240 0    352 0    464 0    576 0    688 0    800 0    912 0
  17 0    129 0    241 0    353 0    465 0    577 0    689 0    801 0    913 0
  18 0    130 0    242 0    354 0    466 0    578 0    690 0    802 0    914 0
  19 0    131 0    243 0    355 0    467 0    579 0    691 0    803 0    915 0
  20 0    132 0    244 0    356 0    468 0    580 0    692 0    804 0    916 0
  21 0    133 0    245 0    357 0    469 0    581 0    693 0    805 0    917 0
  22 0    134 0    246 0    358 0    470 0    582 0    694 0    806 0    918 0
  23 0    135 0    247 0    359 0    471 0    583 0    695 0    807 0    919 0
  24 0    136 0    248 0    360 0    472 0    584 0    696 0    808 0    920 0
  25 0    137 0    249 0    361 0    473 0    585 0    697 0    809 0    921 0
  26 0    138 0    250 0    362 0    474 0    586 0    698 0    810 0    922 0
  27 0    139 0    251 0    363 0    475 0    587 0    699 0    811 0    923 0
  28 0    140 0    252 0    364 0    476 0    588 0    700 0    812 0    924 0
  29 0    141 0    253 0    365 0    477 0    589 0    701 0    813 0    925 0
  30 0    142 0    254 0    366 0    478 0    590 0    702 0    814 0    926 0
  31 0    143 0    255 0    367 0    479 0    591 0    703 0    815 0    927 0
  32 0    144 0    256 0    368 0    480 0    592 0    704 0    816 0    928 0
  33 0    145 0    257 0    369 0    481 0    593 0    705 0    817 0    929 0
  34 0    146 0    258 0    370 0    482 0    594 0    706 0    818 0    930 0
  35 0    147 0    259 0    371 0    483 0    595 0    707 0    819 0    931 0
  36 0    148 0    260 0    372 0    484 0    596 0    708 0    820 0    932 0
  37 0    149 0    261 0    373 0    485 0    597 0    709 0    821 0    933 0
  38 0    150 0    262 0    374 0    486 0    598 0    710 0    822 0    934 0
  39 0    151 0    263 0    375 0    487 0    599 0    711 0    823 0    935 0
  40 0    152 0    264 0    376 0    488 0    600 0    712 0    824 0    936 0
  41 0    153 0    265 0    377 0    489 0    601 0    713 0    825 0    937 0
  42 0    154 0    266 0    378 0    490 0    602 0    714 0    826 0    938 0
  43 0    155 0    267 0    379 0    491 0    603 0    715 0    827 0    939 0
  44 0    156 0    268 0    380 0    492 0    604 0    716 0    828 0    940 0
  45 0    157 0    269 0    381 0    493 0    605 0    717 0    829 0    941 0
  46 0    158 0    270 0    382 0    494 0    606 0    718 0    830 0    942 0
  47 0    159 0    271 0    383 0    495 0    607 0    719 0    831 0    943 0
  48 0    160 0    272 0    384 0    496 0    608 0    720 0    832 0    944 0
  49 0    161 0    273 0    385 0    497 0    609 0    721 0    833 0    945 0
  50 0    162 0    274 0    386 0    498 0    610 0    722 0    834 0    946 0
  51 0    163 0    275 0    387 0    499 0    611 0    723 0    835 0    947 0
  52 0    164 0    276 0    388 0    500 0    612 0    724 0    836 0    948 0
  53 0    165 0    277 0    389 0    501 0    613 0    725 0    837 0    949 0
  54 0    166 0    278 0    390 0    502 0    614 0    726 0    838 0    950 0
  55 0    167 0    279 0    391 0    503 0    615 0    727 0    839 0    951 0
  56 0    168 0    280 0    392 0    504 0    616 0    728 0    840 0    952 0
  57 0    169 0    281 0    393 0    505 0    617 0    729 0    841 0    953 0
  58 0    170 0    282 0    394 0    506 0    618 0    730 0    842 0    954 0
  59 0    171 0    283 0    395 0    507 0    619 0    731 0    843 0    955 0
  60 0    172 0    284 0    396 0    508 0    620 0    732 0    844 0    956 0
  61 0    173 0    285 0    397 0    509 0    621 0    733 0    845 0    957 0
  62 0    174 0    286 0    398 0    510 0    622 0    734 0    846 0    958 0
  63 0    175 0    287 0    399 0    511 0    623 0    735 0    847 0    959 0
  64 0    176 0    288 0    400 0    512 0    624 0    736 0    848 0    960 0
  65 0    177 0    289 0    401 0    513 0    625 0    737 0    849 0    961 0
  66 0    178 0    290 0    402 0    514 0    626 0    738 0    850 0    962 0
  67 0    179 0    291 0    403 0    515 0    627 0    739 0    851 0    963 0
  68 0    180 0    292 0    404 0    516 0    628 0    740 0    852 0    964 0
  69 0    181 0    293 0    405 0    517 0    629 0    741 0    853 0    965 0
  70 0    182 0    294 0    406 0    518 0    630 0    742 0    854 0    966 0
  71 0    183 0    295 0    407 0    519 0    631 0    743 0    855 0    967 0
  72 0    184 0    296 0    408 0    520 0    632 0    744 0    856 0    968 0
  73 0    185 0    297 0    409 0    521 0    633 0    745 0    857 0    969 0
  74 0    186 0    298 0    410 0    522 0    634 0    746 0    858 0    970 0
  75 0    187 0    299 0    411 0    523 0    635 0    747 0    859 0    971 0
  76 0    188 0    300 0    412 0    524 0    636 0    748 0    860 0    972 0
  77 0    189 0    301 0    413 0    525 0    637 0    749 0    861 0    973 0
  78 0    190 0    302 0    414 0    526 0    638 0    750 0    862 0    974 0
  79 0    191 0    303 0    415 0    527 0    639 0    751 0    863 0    975 0
  80 0    192 0    304 0    416 0    528 0    640 0    752 0    864 0    976 0
  81 0    193 0    305 0    417 0    529 0    641 0    753 0    865 0    977 0
  82 0    194 0    306 0    418 0    530 0    642 0    754 0    866 0    978 0
  83 0    195 0    307 0    419 0    531 0    643 0    755 0    867 0    979 0
  84 0    196 0    308 0    420 0    532 0    644 0    756 0    868 0    980 0
  85 0    197 0    309 0    421 0    533 0    645 0    757 0    869 0    981 0
  86 0    198 0    310 0    422 0    534 0    646 0    758 0    870 0    982 0
  87 0    199 0    311 0    423 0    535 0    647 0    759 0    871 0    983 0
  88 0    200 0    312 0    424 0    536 0    648 0    760 0    872 0    984 0
  89 0    201 0    313 0    425 0    537 0    649 0    761 0    873 0    985 0
  90 0    202 0    314 0    426 0    538 0    650 0    762 0    874 0    986 0
  91 0    203 0    315 0    427 0    539 0    651 0    763 0    875 0    987 0
  92 0    204 0    316 0    428 0    540 0    652 0    764 0    876 0    988 0
  93 0    205 0    317 0    429 0    541 0    653 0    765 0    877 0    989 0
  94 0    206 0    318 0    430 0    542 0    654 0    766 0    878 0    990 0
  95 0    207 0    319 0    431 0    543 0    655 0    767 0    879 0    991 0
  96 0    208 0    320 0    432 0    544 0    656 0    768 0    880 0    992 0
  97 0    209 0    321 0    433 0    545 0    657 0    769 0    881 0    993 0
  98 0    210 0    322 0    434 0    546 0    658 0    770 0    882 0    994 0
  99 0    211 0    323 0    435 0    547 0    659 0    771 0    883 0    995 0
 100 0    212 0    324 0    436 0    548 0    660 0    772 0    884 0    996 0
 101 0    213 0    325 0    437 0    549 0    661 0    773 0    885 0    997 0
 102 0    214 0    326 0    438 0    550 0    662 0    774 0    886 0    998 0
 103 0    215 0    327 0    439 0    551 0    663 0    775 0    887 0    999 0
 104 0    216 0    328 0    440 0    552 0    664 0    776 0    888 0   1000 0
 105 0    217 0    329 0    441 0    553 0    665 0    777 0    889 0
 106 0    218 0    330 0    442 0    554 0    666 0    778 0    890 0
 107 0    219 0    331 0    443 0    555 0    667 0    779 0    891 0
 108 0    220 0    332 0    444 0    556 0    668 0    780 0    892 0
 109 0    221 0    333 0    445 0    557 0    669 0    781 0    893 0
 110 0    222 0    334 0    446 0    558 0    670 0    782 0    894 0
 111 0    223 0    335 0    447 0    559 0    671 0    783 0    895 0
 112 0    224 0    336 0    448 0    560 0    672 0    784 0    896 0
;

