gamma = -0.539258

y_pred [*] :=
   1 -1    126  1    251  1    376 -1    501  1    626 -1    751 -1    876 -1
   2  1    127  1    252 -1    377  1    502 -1    627  1    752  1    877 -1
   3 -1    128 -1    253  1    378 -1    503 -1    628  1    753 -1    878 -1
   4 -1    129 -1    254  1    379 -1    504 -1    629  1    754  1    879  1
   5 -1    130  1    255  1    380 -1    505 -1    630 -1    755 -1    880  1
   6 -1    131 -1    256  1    381 -1    506  1    631 -1    756 -1    881  1
   7  1    132 -1    257  1    382 -1    507 -1    632  1    757  1    882 -1
   8  1    133 -1    258  1    383 -1    508  1    633  1    758  1    883 -1
   9 -1    134 -1    259  1    384  1    509  1    634 -1    759  1    884 -1
  10  1    135 -1    260  1    385  1    510 -1    635 -1    760  1    885  1
  11 -1    136 -1    261 -1    386 -1    511 -1    636  1    761 -1    886 -1
  12  1    137 -1    262 -1    387 -1    512  1    637 -1    762  1    887  1
  13  1    138 -1    263 -1    388  1    513  1    638  1    763  1    888  1
  14 -1    139 -1    264  1    389 -1    514 -1    639  1    764 -1    889 -1
  15 -1    140  1    265  1    390 -1    515 -1    640 -1    765 -1    890  1
  16 -1    141 -1    266  1    391 -1    516 -1    641  1    766 -1    891 -1
  17 -1    142 -1    267 -1    392  1    517 -1    642 -1    767  1    892  1
  18  1    143  1    268  1    393  1    518  1    643  1    768 -1    893  1
  19 -1    144 -1    269 -1    394 -1    519 -1    644  1    769  1    894  1
  20  1    145  1    270 -1    395 -1    520 -1    645  1    770 -1    895  1
  21 -1    146 -1    271  1    396  1    521 -1    646 -1    771 -1    896 -1
  22  1    147 -1    272  1    397 -1    522  1    647 -1    772  1    897  1
  23  1    148  1    273 -1    398  1    523 -1    648  1    773 -1    898 -1
  24  1    149  1    274 -1    399 -1    524 -1    649 -1    774 -1    899  1
  25  1    150  1    275 -1    400  1    525  1    650 -1    775 -1    900 -1
  26  1    151  1    276 -1    401 -1    526 -1    651 -1    776  1    901  1
  27 -1    152 -1    277  1    402  1    527  1    652 -1    777 -1    902 -1
  28  1    153 -1    278  1    403 -1    528 -1    653  1    778  1    903 -1
  29 -1    154 -1    279 -1    404 -1    529  1    654 -1    779 -1    904  1
  30  1    155 -1    280 -1    405  1    530 -1    655 -1    780  1    905 -1
  31 -1    156 -1    281 -1    406 -1    531  1    656  1    781 -1    906 -1
  32  1    157 -1    282 -1    407 -1    532 -1    657 -1    782  1    907 -1
  33  1    158 -1    283  1    408  1    533  1    658  1    783 -1    908  1
  34  1    159 -1    284 -1    409  1    534 -1    659 -1    784 -1    909 -1
  35 -1    160 -1    285  1    410  1    535  1    660 -1    785 -1    910  1
  36 -1    161  1    286  1    411  1    536 -1    661  1    786 -1    911 -1
  37  1    162 -1    287 -1    412 -1    537 -1    662  1    787 -1    912 -1
  38 -1    163  1    288 -1    413 -1    538 -1    663  1    788 -1    913  1
  39  1    164  1    289  1    414  1    539  1    664  1    789 -1    914  1
  40  1    165  1    290 -1    415 -1    540 -1    665 -1    790 -1    915 -1
  41 -1    166  1    291  1    416  1    541  1    666  1    791 -1    916 -1
  42 -1    167 -1    292 -1    417 -1    542  1    667  1    792 -1    917 -1
  43 -1    168 -1    293 -1    418 -1    543 -1    668  1    793  1    918 -1
  44 -1    169 -1    294 -1    419  1    544  1    669 -1    794  1    919  1
  45  1    170  1    295 -1    420  1    545 -1    670  1    795  1    920 -1
  46 -1    171  1    296 -1    421 -1    546 -1    671 -1    796  1    921  1
  47 -1    172 -1    297  1    422 -1    547 -1    672 -1    797 -1    922 -1
  48  1    173  1    298 -1    423 -1    548  1    673 -1    798 -1    923  1
  49 -1    174 -1    299  1    424 -1    549 -1    674  1    799 -1    924  1
  50 -1    175 -1    300 -1    425  1    550 -1    675 -1    800 -1    925 -1
  51 -1    176  1    301  1    426  1    551  1    676  1    801  1    926 -1
  52 -1    177 -1    302 -1    427 -1    552 -1    677 -1    802  1    927 -1
  53  1    178  1    303 -1    428 -1    553 -1    678 -1    803  1    928  1
  54  1    179 -1    304 -1    429 -1    554  1    679 -1    804 -1    929  1
  55  1    180  1    305  1    430  1    555  1    680 -1    805 -1    930 -1
  56  1    181 -1    306  1    431  1    556  1    681 -1    806 -1    931  1
  57 -1    182 -1    307  1    432 -1    557 -1    682  1    807  1    932  1
  58  1    183  1    308 -1    433 -1    558 -1    683 -1    808 -1    933  1
  59 -1    184  1    309 -1    434 -1    559 -1    684 -1    809  1    934  1
  60 -1    185 -1    310 -1    435  1    560 -1    685  1    810  1    935  1
  61  1    186 -1    311 -1    436  1    561 -1    686  1    811 -1    936 -1
  62 -1    187  1    312  1    437  1    562  1    687  1    812  1    937  1
  63  1    188 -1    313 -1    438 -1    563  1    688 -1    813 -1    938 -1
  64  1    189 -1    314  1    439  1    564  1    689 -1    814  1    939 -1
  65  1    190 -1    315 -1    440  1    565  1    690 -1    815 -1    940  1
  66  1    191 -1    316 -1    441 -1    566  1    691  1    816  1    941  1
  67  1    192 -1    317 -1    442  1    567  1    692  1    817 -1    942  1
  68 -1    193 -1    318 -1    443 -1    568  1    693  1    818 -1    943  1
  69 -1    194 -1    319 -1    444 -1    569  1    694 -1    819  1    944  1
  70 -1    195 -1    320  1    445  1    570 -1    695 -1    820  1    945  1
  71  1    196 -1    321 -1    446 -1    571 -1    696  1    821 -1    946 -1
  72 -1    197 -1    322  1    447 -1    572 -1    697 -1    822  1    947 -1
  73 -1    198  1    323  1    448  1    573 -1    698  1    823 -1    948 -1
  74 -1    199 -1    324 -1    449 -1    574 -1    699 -1    824 -1    949  1
  75  1    200 -1    325  1    450  1    575 -1    700 -1    825 -1    950  1
  76 -1    201 -1    326 -1    451 -1    576 -1    701  1    826 -1    951 -1
  77  1    202 -1    327  1    452 -1    577 -1    702 -1    827 -1    952 -1
  78 -1    203 -1    328  1    453 -1    578  1    703  1    828  1    953  1
  79  1    204 -1    329  1    454 -1    579  1    704  1    829 -1    954 -1
  80 -1    205  1    330 -1    455 -1    580  1    705 -1    830 -1    955 -1
  81  1    206  1    331  1    456 -1    581 -1    706 -1    831 -1    956 -1
  82  1    207 -1    332  1    457 -1    582  1    707  1    832  1    957  1
  83 -1    208  1    333  1    458 -1    583 -1    708 -1    833  1    958  1
  84 -1    209 -1    334  1    459 -1    584 -1    709  1    834 -1    959 -1
  85 -1    210  1    335 -1    460  1    585 -1    710  1    835 -1    960  1
  86 -1    211  1    336  1    461 -1    586 -1    711  1    836  1    961  1
  87 -1    212 -1    337 -1    462 -1    587  1    712 -1    837 -1    962 -1
  88 -1    213  1    338 -1    463 -1    588 -1    713 -1    838 -1    963 -1
  89  1    214 -1    339  1    464  1    589 -1    714 -1    839 -1    964  1
  90 -1    215 -1    340 -1    465  1    590 -1    715  1    840 -1    965  1
  91  1    216 -1    341 -1    466  1    591 -1    716 -1    841  1    966 -1
  92  1    217  1    342 -1    467  1    592  1    717  1    842 -1    967  1
  93 -1    218 -1    343 -1    468  1    593  1    718  1    843 -1    968 -1
  94 -1    219  1    344 -1    469  1    594 -1    719 -1    844 -1    969 -1
  95 -1    220  1    345 -1    470  1    595 -1    720 -1    845  1    970 -1
  96 -1    221  1    346  1    471  1    596 -1    721 -1    846 -1    971  1
  97 -1    222  1    347 -1    472 -1    597  1    722  1    847 -1    972 -1
  98 -1    223 -1    348 -1    473 -1    598  1    723  1    848  1    973 -1
  99  1    224 -1    349  1    474 -1    599  1    724  1    849 -1    974  1
 100 -1    225 -1    350  1    475 -1    600  1    725  1    850 -1    975  1
 101  1    226  1    351  1    476  1    601 -1    726  1    851  1    976  1
 102  1    227 -1    352 -1    477 -1    602 -1    727 -1    852 -1    977  1
 103 -1    228  1    353 -1    478 -1    603 -1    728  1    853 -1    978 -1
 104  1    229  1    354 -1    479  1    604  1    729  1    854  1    979 -1
 105  1    230 -1    355  1    480 -1    605 -1    730  1    855 -1    980 -1
 106  1    231 -1    356  1    481 -1    606  1    731 -1    856 -1    981  1
 107  1    232 -1    357  1    482 -1    607  1    732 -1    857  1    982  1
 108 -1    233 -1    358 -1    483 -1    608 -1    733 -1    858 -1    983 -1
 109 -1    234  1    359 -1    484 -1    609  1    734  1    859  1    984  1
 110  1    235 -1    360 -1    485  1    610 -1    735 -1    860 -1    985  1
 111 -1    236 -1    361 -1    486 -1    611 -1    736  1    861  1    986 -1
 112 -1    237  1    362  1    487  1    612 -1    737  1    862 -1    987  1
 113  1    238 -1    363  1    488  1    613 -1    738  1    863 -1    988 -1
 114  1    239 -1    364 -1    489  1    614  1    739 -1    864  1    989  1
 115  1    240 -1    365 -1    490 -1    615 -1    740 -1    865 -1    990 -1
 116 -1    241 -1    366  1    491  1    616  1    741 -1    866  1    991 -1
 117 -1    242  1    367 -1    492  1    617  1    742  1    867 -1    992 -1
 118  1    243  1    368  1    493 -1    618 -1    743  1    868 -1    993 -1
 119  1    244 -1    369 -1    494 -1    619 -1    744 -1    869 -1    994  1
 120  1    245  1    370  1    495  1    620  1    745  1    870 -1    995  1
 121  1    246  1    371 -1    496 -1    621 -1    746  1    871 -1    996  1
 122  1    247 -1    372 -1    497 -1    622  1    747  1    872 -1    997 -1
 123 -1    248  1    373  1    498  1    623 -1    748  1    873  1    998  1
 124 -1    249  1    374  1    499  1    624 -1    749 -1    874  1    999  1
 125 -1    250 -1    375  1    500  1    625  1    750  1    875  1   1000  1
;

acc/m_test*100 = 94.8

la [*] :=
   1 0.460742       251 0.392554       501 0.339445       751 0.451644
   2 3.44221e-09    252 5.328e-10      502 5.04637e-09    752 0.126173
   3 4.04972e-09    253 0.056726       503 9.72864e-09    753 6.76939e-09
   4 1.15535e-08    254 0.38091        504 0.234151       754 0.20189
   5 0.0475505      255 0.440317       505 3.76603e-09    755 0.233966
   6 0.223713       256 0.182859       506 0.09457        756 0.160233
   7 0.192302       257 0.144867       507 9.73437e-08    757 0.890296
   8 0.614283       258 0.551704       508 0.597119       758 0.0713881
   9 0.0283654      259 0.316764       509 5.28156e-07    759 5.58333e-07
  10 0.540291       260 3.58372e-09    510 0.285319       760 0.662991
  11 0.475925       261 2.55339e-08    511 1              761 0.253907
  12 4.16895e-09    262 0.0802973      512 9.55436e-10    762 0.606819
  13 5.31468e-09    263 0.30173        513 0.354792       763 1.29024e-08
  14 0.0760558      264 0.624519       514 5.80668e-08    764 1.46209e-08
  15 0.14855        265 0.166539       515 0.0619736      765 1.57541e-06
  16 0.129764       266 0.174476       516 3.1931e-09     766 0.346409
  17 0.460821       267 3.8338e-10     517 0.135138       767 2.20231e-10
  18 0.422984       268 0.583235       518 1              768 0.342036
  19 0.278408       269 0.123617       519 0.0603994      769 1.22131e-09
  20 0.290229       270 0.371021       520 0.412292       770 0.511354
  21 0.457197       271 0.415937       521 0.237671       771 0.150863
  22 0.097549       272 1.28749e-08    522 0.281694       772 2.11262e-08
  23 2.18549e-07    273 0.599153       523 0.21469        773 3.95637e-08
  24 0.248353       274 6.18969e-09    524 0.263974       774 1.73276e-07
  25 0.229763       275 0.488602       525 8.6333e-09     775 0.276571
  26 6.24956e-09    276 0.353794       526 0.28544        776 1.5243e-08
  27 1.62514e-08    277 1.34303e-09    527 1.14053e-09    777 0.335747
  28 0.280113       278 1.4322e-07     528 0.391047       778 1.69146e-08
  29 1.2391e-08     279 0.435291       529 2.79487e-08    779 0.42043
  30 5.36483e-09    280 0.201089       530 0.0279992      780 1.4851e-08
  31 2.32728e-08    281 0.564287       531 0.180056       781 6.17807e-09
  32 0.12821        282 0.151331       532 6.24725e-09    782 0.136926
  33 4.14383e-07    283 0.151731       533 0.300579       783 1
  34 1.23683e-08    284 0.0394844      534 4.28396e-09    784 0.340882
  35 0.146339       285 4.93848e-08    535 0.910699       785 0.355519
  36 0.504086       286 0.395802       536 4.1277e-09     786 0.323136
  37 1.98627e-06    287 0.273163       537 0.462879       787 0.153759
  38 1.13074e-08    288 0.323719       538 1.1492e-09     788 0.00664282
  39 1.18876e-08    289 0.307563       539 1.74424e-09    789 0.204484
  40 0.467488       290 0.572902       540 0.446505       790 2.51466e-09
  41 1.00367e-08    291 2.72527e-09    541 2.62645e-09    791 2.29646e-08
  42 0.280769       292 0.158002       542 0.368673       792 2.82304e-08
  43 0.488498       293 0.445631       543 0.406114       793 0.309896
  44 1.33746e-08    294 0.112765       544 0.228439       794 0.0837392
  45 1.64812e-09    295 0.264608       545 1.12083e-08    795 0.570046
  46 0.221665       296 1.46755e-08    546 0.303733       796 0.44354
  47 0.327053       297 8.33205e-09    547 8.80301e-10    797 0.246058
  48 0.483526       298 2.1471e-09     548 1.70232e-09    798 5.13438e-10
  49 0.323478       299 0.0723611      549 0.405821       799 1.72481e-08
  50 1.73423e-08    300 6.30673e-08    550 5.8421e-07     800 5.32699e-09
  51 7.46412e-09    301 0.720311       551 0.403884       801 2.31659e-08
  52 1.95345e-09    302 0.295095       552 0.0837801      802 2.0413e-10
  53 0.546034       303 0.175622       553 1.31807e-07    803 0.629179
  54 1.10196e-09    304 0.0506147      554 3.52267e-09    804 0.140222
  55 0.273161       305 4.66605e-09    555 0.00176578     805 1.35586e-08
  56 0.248623       306 0.113151       556 0.198245       806 0.233364
  57 0.265635       307 1.80546e-09    557 3.36888e-09    807 0.0747134
  58 0.0726956      308 0.257334       558 0.443731       808 1
  59 3.17213e-09    309 0.0736342      559 0.426135       809 0.3414
  60 0.0858671      310 0.267565       560 0.596445       810 0.28455
  61 3.53643e-09    311 0.339714       561 0.0799906      811 0.673379
  62 0.171106       312 0.157075       562 0.358249       812 0.465256
  63 0.41208        313 2.02678e-08    563 0.263053       813 0.165195
  64 0.192887       314 0.192833       564 3.92996e-09    814 0.926156
  65 0.043327       315 0.136979       565 0.433922       815 0.0505683
  66 0.83377        316 1.63149e-08    566 0.540687       816 1.65546e-08
  67 9.30617e-09    317 0.385751       567 0.364924       817 3.74699e-09
  68 1.81181e-08    318 0.351826       568 8.53294e-09    818 0.359204
  69 0.21316        319 1.69668e-08    569 6.32264e-10    819 0.469241
  70 0.411817       320 0.473668       570 1.5808e-09     820 1.56919e-09
  71 0.410112       321 0.0785699      571 0.378029       821 1.78159e-10
  72 1.02404e-09    322 1.48152e-09    572 0.0194629      822 9.20323e-10
  73 1.76443e-09    323 0.393665       573 0.449785       823 7.06487e-10
  74 4.91162e-09    324 0.239061       574 0.0402322      824 1.59004e-08
  75 1.78008e-08    325 0.308021       575 0.441244       825 6.4724e-09
  76 0.115047       326 0.522097       576 1              826 3.0352e-08
  77 0.443335       327 0.549546       577 0.0458362      827 1.17462e-09
  78 0.599557       328 1.09281e-08    578 1.11476e-08    828 0.394859
  79 0.350504       329 0.178319       579 1.89314e-08    829 2.07185e-09
  80 0.354533       330 0.323575       580 0.559082       830 0.00117924
  81 0.43102        331 2.25413e-09    581 0.489578       831 0.381631
  82 1.26112e-08    332 0.228806       582 1.96945e-08    832 1.03562e-08
  83 0.0344527      333 0.860874       583 0.314786       833 1.85541e-09
  84 0.277645       334 0.446433       584 5.30342e-09    834 5.48253e-09
  85 1.88176e-08    335 0.286292       585 0.130246       835 0.46799
  86 2.99302e-10    336 0.938504       586 3.84785e-09    836 0.0911414
  87 0.147941       337 0.428501       587 0.0798267      837 0.447121
  88 0.316873       338 0.183319       588 0.551368       838 0.314155
  89 9.47352e-08    339 2.46712e-08    589 0.432125       839 3.36696e-08
  90 0.390319       340 0.237122       590 0.758953       840 3.33389e-09
  91 5.20266e-10    341 1.34542e-08    591 4.45161e-09    841 0.0687051
  92 0.178272       342 1.64573e-09    592 7.89128e-09    842 0.0486637
  93 1.49992e-09    343 9.81067e-10    593 0.148213       843 7.60236e-09
  94 0.49759        344 1.82766e-09    594 1.33896e-09    844 0.442274
  95 1              345 1.94498e-08    595 0.115744       845 0.379697
  96 0.207808       346 0.419175       596 0.476272       846 5.21364e-09
  97 0.252504       347 0.0485401      597 0.467234       847 0.336713
  98 0.407576       348 1.05895e-08    598 4.58655e-10    848 6.76131e-08
  99 4.91581e-09    349 7.284e-09      599 0.0589627      849 0.34692
 100 0.30181        350 0.316493       600 0.806023       850 0.200767
 101 1.10544e-09    351 0.273314       601 6.96423e-10    851 1.1971e-08
 102 0.412432       352 9.84178e-09    602 0.465304       852 0.673662
 103 0.786247       353 0.596556       603 0.191165       853 0.22137
 104 0.0984658      354 0.28292        604 0.270925       854 0.329198
 105 0.244816       355 0.220547       605 0.106699       855 0.11679
 106 4.03416e-09    356 7.01199e-09    606 0.12637        856 6.9299e-09
 107 0.0103438      357 0.0910253      607 2.9904e-08     857 0.481785
 108 5.11711e-10    358 3.04128e-07    608 4.55653e-08    858 1.44891e-09
 109 0.589523       359 0.478331       609 0.467718       859 0.314586
 110 0.175573       360 0.666827       610 0.33065        860 0.236208
 111 0.177121       361 0.630121       611 0.356139       861 0.385992
 112 1              362 1.68688e-08    612 0.340269       862 0.177294
 113 0.442616       363 0.234679       613 0.0864585      863 1
 114 1.25792e-08    364 0.0174095      614 0.67223        864 1
 115 0.280857       365 0.451498       615 1              865 2.55648e-09
 116 8.44996e-10    366 1.89174e-09    616 2.3955e-08     866 0.247348
 117 3.62282e-09    367 0.0299233      617 0.316504       867 1
 118 2.20443e-08    368 0.220193       618 5.93187e-08    868 0.327105
 119 4.61015e-09    369 0.36864        619 0.321624       869 0.224703
 120 0.236016       370 0.473361       620 0.0217999      870 0.260949
 121 0.0882959      371 0.210396       621 4.04367e-09    871 1.13913e-09
 122 8.28498e-09    372 0.726723       622 0.772143       872 3.88108e-09
 123 0.282005       373 0.102846       623 0.923649       873 6.03523e-09
 124 0.196153       374 1.0374e-07     624 0.459179       874 0.133347
 125 5.52833e-09    375 0.113194       625 0.226588       875 0.831316
 126 0.0112491      376 9.50886e-10    626 0.634472       876 1.94899e-08
 127 6.36469e-09    377 3.71684e-08    627 1.60066e-08    877 2.35045e-08
 128 1.03694e-07    378 0.556465       628 0.680689       878 0.274866
 129 0.0822132      379 1              629 0.807249       879 7.5779e-08
 130 0.430724       380 1.29716e-08    630 0.476013       880 0.431604
 131 0.528421       381 0.250654       631 0.198147       881 0.489071
 132 0.00906555     382 1.09483e-05    632 4.18298e-09    882 0.637108
 133 2.33107e-08    383 0.400059       633 9.79148e-10    883 0.138514
 134 4.29999e-09    384 2.03424e-08    634 2.13224e-09    884 0.35649
 135 0.231343       385 0.432801       635 1.40619e-08    885 0.218953
 136 0.311918       386 0.340543       636 2.21565e-08    886 6.92337e-08
 137 0.181299       387 0.461445       637 0.355071       887 3.65701e-09
 138 4.02967e-09    388 0.0474863      638 1.03633e-08    888 0.393009
 139 3.72138e-09    389 0.957177       639 5.65552e-08    889 4.1903e-08
 140 8.32115e-10    390 0.283673       640 0.131412       890 0.649657
 141 5.82852e-09    391 0.191247       641 1.70834e-06    891 0.0112753
 142 9.59896e-07    392 2.79247e-07    642 0.526166       892 3.98913e-09
 143 0.000423694    393 0.0193931      643 0.0328996      893 0.332206
 144 0.263233       394 1.96671e-08    644 0.49996        894 9.32566e-09
 145 9.6738e-10     395 1.74665e-09    645 2.45938e-08    895 0.447412
 146 0.166663       396 2.13621e-09    646 4.98833e-08    896 3.27961e-09
 147 0.277367       397 4.25859e-09    647 0.133465       897 1
 148 1.10344e-08    398 0.29948        648 0.405856       898 6.09868e-09
 149 6.38979e-08    399 0.338092       649 6.515e-09      899 0.443027
 150 0.484214       400 5.16975e-08    650 0.137001       900 0.293932
 151 0.145089       401 4.19543e-08    651 3.99143e-08    901 1.71012e-08
 152 0.673939       402 1.87893e-08    652 0.536921       902 1.49236e-08
 153 6.99123e-09    403 3.22415e-08    653 1              903 3.73615e-09
 154 0.467413       404 0.453106       654 0.375252       904 0.12879
 155 0.170423       405 1.37888e-08    655 1.74828e-09    905 2.58432e-09
 156 4.32546e-08    406 0.368095       656 0.335778       906 3.06638e-08
 157 5.51858e-07    407 0.191471       657 0.271711       907 0.324976
 158 0.551531       408 7.81861e-09    658 7.99861e-08    908 0.270752
 159 5.53042e-09    409 0.268805       659 0.0392918      909 0.705318
 160 0.271622       410 9.17757e-09    660 0.20006        910 0.171354
 161 3.79961e-09    411 0.264372       661 0.564201       911 0.548757
 162 0.200036       412 0.489478       662 0.332877       912 1
 163 0.637719       413 0.378033       663 0.10746        913 0.220492
 164 0.533152       414 1.6327e-09     664 0.838954       914 1.63386e-09
 165 1.98148e-07    415 3.52493e-09    665 0.00953413     915 1.22617e-09
 166 0.0526209      416 0.14856        666 0.205379       916 0.61086
 167 3.25919e-09    417 1.70135e-09    667 0.116543       917 0.558374
 168 3.62088e-09    418 0.729374       668 1.45018e-08    918 0.419414
 169 0.140147       419 0.6416         669 6.48934e-09    919 4.07562e-08
 170 1.15402e-09    420 4.76205e-09    670 3.96607e-08    920 0.198535
 171 0.291845       421 0.293923       671 1.17625e-07    921 0.295268
 172 0.129889       422 1.5389e-09     672 0.27115        922 0.758638
 173 0.263666       423 0.687076       673 6.89153e-08    923 1.79265e-09
 174 0.393538       424 1.23998e-08    674 0.280898       924 4.01843e-09
 175 1              425 0.234683       675 0.47357        925 0.0704997
 176 0.0653802      426 0.0415741      676 0.562316       926 0.157859
 177 0.141332       427 0.0865563      677 0.365382       927 1.7993e-09
 178 0.384678       428 0.216764       678 0.477124       928 0.419588
 179 0.350087       429 3.08793e-08    679 0.251584       929 7.45918e-10
 180 0.390173       430 0.482052       680 0.181266       930 0.156661
 181 1.92965e-09    431 8.02662e-09    681 0.412399       931 1.0479e-09
 182 0.223626       432 0.439646       682 0.36212        932 0.148569
 183 0.257663       433 5.90355e-09    683 0.354963       933 3.49883e-08
 184 6.99772e-10    434 0.126436       684 8.40617e-09    934 1.01205e-08
 185 0.124012       435 0.10415        685 0.609789       935 0.463923
 186 0.499391       436 0.476588       686 6.5727e-08     936 0.26643
 187 4.91108e-09    437 1.3446e-09     687 5.33334e-08    937 5.70966e-09
 188 0.09776        438 0.0545724      688 0.316407       938 0.143262
 189 3.64566e-09    439 1.28691e-08    689 0.435131       939 5.55168e-09
 190 9.29634e-10    440 0.126569       690 0.0906411      940 0.0408234
 191 0.099622       441 0.30916        691 0.167203       941 0.187785
 192 0.136943       442 3.25679e-06    692 0.478906       942 1.2016e-07
 193 0.576969       443 5.27983e-09    693 0.571745       943 9.17349e-09
 194 3.91241e-09    444 0.281971       694 1.41729e-09    944 8.86564e-10
 195 0.424429       445 1              695 0.310576       945 0.369182
 196 2.81878e-09    446 1.89941e-08    696 0.119496       946 0.349516
 197 0.278759       447 0.245917       697 2.83322e-09    947 0.30384
 198 1.93159e-08    448 0.338578       698 0.497056       948 0.062206
 199 0.0376356      449 0.172697       699 0.18249        949 0.378839
 200 0.357885       450 1.40628e-09    700 0.358139       950 4.84297e-08
 201 1              451 0.242821       701 3.49908e-09    951 1.12281e-08
 202 0.175625       452 0.294633       702 0.157881       952 6.42925e-06
 203 0.560781       453 6.67489e-08    703 3.11555e-08    953 3.4747e-08
 204 0.880447       454 0.552992       704 0.304902       954 0.206084
 205 0.33602        455 1.4812e-06     705 0.36319        955 9.64083e-09
 206 2.40135e-09    456 0.353422       706 0.266283       956 1.37156e-08
 207 3.0717e-09     457 0.565735       707 4.08411e-09    957 0.366763
 208 0.348641       458 3.61641e-09    708 1.4568e-09     958 0.481873
 209 0.0367689      459 0.505364       709 0.633078       959 0.652436
 210 5.01533e-09    460 1              710 0.248413       960 6.37866e-09
 211 0.269065       461 1              711 1.76436e-08    961 3.71973e-09
 212 0.533087       462 0.27135        712 0.308423       962 1.18586e-09
 213 0.447286       463 0.479578       713 7.92501e-09    963 7.58335e-09
 214 9.86941e-10    464 1.77701e-09    714 0.422177       964 0.248276
 215 7.26896e-08    465 0.0449776      715 0.100457       965 0.199373
 216 0.00453439     466 0.514204       716 0.174284       966 0.162637
 217 0.794402       467 0.636498       717 1.04035e-08    967 0.0503161
 218 0.107529       468 0.109363       718 0.63447        968 1.23177e-08
 219 0.111178       469 0.291949       719 0.169318       969 1.05175e-08
 220 0.563194       470 2.75889e-08    720 2.1655e-09     970 2.38954e-09
 221 0.260018       471 1.5493e-09     721 2.10679e-09    971 1.81854e-07
 222 8.33881e-09    472 0.181536       722 0.407421       972 3.94267e-09
 223 2.01109e-08    473 1.39314e-09    723 0.304404       973 3.391e-10
 224 4.08483e-09    474 0.511833       724 0.661578       974 0.42117
 225 0.348441       475 5.6695e-09     725 0.146833       975 0.0824409
 226 0.561001       476 0.407762       726 0.33779        976 2.69332e-07
 227 0.375488       477 1.21082e-09    727 0.318521       977 0.828928
 228 0.0469127      478 9.77625e-10    728 3.14522e-09    978 5.01813e-10
 229 1.52182e-08    479 0.206634       729 3.77116e-09    979 0.288937
 230 2.02596e-07    480 0.232598       730 6.38844e-09    980 0.304613
 231 0.471132       481 0.213162       731 0.267749       981 0.504683
 232 5.23384e-09    482 0.26572        732 0.35318        982 0.291174
 233 1.63324e-09    483 3.2401e-08     733 0.0468969      983 0.232624
 234 0.182148       484 0.0679422      734 0.169111       984 0.0600472
 235 0.0175917      485 0.300677       735 0.468594       985 8.07389e-08
 236 0.184631       486 0.0273773      736 0.230753       986 0.0223867
 237 0.0536223      487 0.177235       737 0.397163       987 4.49493e-09
 238 0.177839       488 0.131703       738 0.26716        988 0.778514
 239 0.240683       489 0.190277       739 6.64749e-09    989 7.77467e-09
 240 1.16737e-08    490 0.000558161    740 0.357742       990 0.455287
 241 5.99711e-09    491 0.274692       741 1.02582e-06    991 8.49463e-09
 242 0.654092       492 0.581513       742 0.214247       992 5.62034e-09
 243 0.3887         493 0.299638       743 4.07416e-10    993 0.142864
 244 0.201296       494 0.410086       744 3.8226e-09     994 0.0849009
 245 1.2644e-08     495 0.274191       745 0.354368       995 6.48365e-09
 246 0.369476       496 0.31413        746 0.318759       996 0.00136626
 247 0.243276       497 0.426983       747 0.0670206      997 2.57013e-07
 248 0.151846       498 3.23537e-09    748 1              998 0.467798
 249 1.15602e-08    499 6.42275e-09    749 0.487128       999 1.86429e-08
 250 2.56539e-08    500 3.30482e-08    750 0.400005      1000 0.257351
;

