w [*] :=
1  4.08166
2  4.65665
3  4.72207
4  4.32935
;

gamma = -8.8533

y_pred [*] :=
   1  1    126  1    251 -1    376 -1    501  1    626  1    751  1    876  1
   2 -1    127  1    252 -1    377  1    502  1    627  1    752 -1    877  1
   3 -1    128  1    253 -1    378 -1    503 -1    628 -1    753  1    878 -1
   4  1    129  1    254  1    379  1    504 -1    629 -1    754 -1    879 -1
   5 -1    130  1    255 -1    380 -1    505  1    630 -1    755  1    880 -1
   6 -1    131  1    256 -1    381  1    506 -1    631 -1    756  1    881  1
   7 -1    132 -1    257  1    382  1    507 -1    632  1    757  1    882  1
   8 -1    133  1    258 -1    383  1    508 -1    633  1    758 -1    883  1
   9  1    134 -1    259  1    384 -1    509  1    634  1    759  1    884 -1
  10  1    135 -1    260  1    385  1    510 -1    635 -1    760 -1    885  1
  11  1    136  1    261 -1    386 -1    511 -1    636 -1    761 -1    886  1
  12 -1    137  1    262 -1    387  1    512 -1    637 -1    762 -1    887  1
  13  1    138  1    263  1    388  1    513  1    638  1    763  1    888 -1
  14 -1    139  1    264 -1    389  1    514  1    639  1    764  1    889  1
  15  1    140  1    265 -1    390  1    515 -1    640 -1    765 -1    890 -1
  16 -1    141 -1    266 -1    391 -1    516  1    641 -1    766 -1    891 -1
  17  1    142  1    267  1    392 -1    517 -1    642  1    767 -1    892 -1
  18 -1    143  1    268 -1    393 -1    518 -1    643 -1    768  1    893  1
  19 -1    144 -1    269 -1    394 -1    519  1    644 -1    769  1    894  1
  20 -1    145  1    270 -1    395  1    520 -1    645 -1    770  1    895 -1
  21 -1    146 -1    271 -1    396  1    521  1    646 -1    771 -1    896  1
  22  1    147  1    272  1    397  1    522  1    647  1    772 -1    897 -1
  23 -1    148  1    273  1    398 -1    523  1    648 -1    773  1    898  1
  24  1    149  1    274  1    399 -1    524 -1    649  1    774  1    899 -1
  25  1    150  1    275 -1    400 -1    525 -1    650  1    775  1    900  1
  26 -1    151  1    276 -1    401  1    526 -1    651  1    776 -1    901 -1
  27 -1    152  1    277 -1    402  1    527 -1    652  1    777  1    902 -1
  28 -1    153 -1    278  1    403 -1    528 -1    653 -1    778 -1    903 -1
  29  1    154  1    279  1    404 -1    529  1    654 -1    779 -1    904 -1
  30 -1    155  1    280 -1    405 -1    530 -1    655  1    780  1    905  1
  31  1    156 -1    281 -1    406  1    531  1    656 -1    781 -1    906  1
  32  1    157  1    282  1    407 -1    532 -1    657  1    782  1    907  1
  33  1    158 -1    283  1    408  1    533 -1    658 -1    783  1    908 -1
  34 -1    159  1    284  1    409  1    534  1    659  1    784  1    909  1
  35  1    160 -1    285 -1    410 -1    535  1    660 -1    785  1    910 -1
  36  1    161 -1    286  1    411 -1    536 -1    661 -1    786  1    911  1
  37 -1    162 -1    287 -1    412  1    537  1    662 -1    787 -1    912  1
  38 -1    163 -1    288 -1    413  1    538 -1    663 -1    788 -1    913 -1
  39 -1    164  1    289  1    414  1    539 -1    664 -1    789 -1    914 -1
  40 -1    165 -1    290  1    415  1    540  1    665  1    790 -1    915  1
  41  1    166 -1    291 -1    416 -1    541  1    666 -1    791  1    916 -1
  42 -1    167  1    292  1    417  1    542  1    667 -1    792 -1    917 -1
  43 -1    168  1    293  1    418 -1    543  1    668  1    793 -1    918  1
  44  1    169 -1    294  1    419  1    544  1    669  1    794  1    919  1
  45 -1    170  1    295  1    420  1    545  1    670  1    795  1    920  1
  46  1    171 -1    296  1    421 -1    546 -1    671 -1    796 -1    921  1
  47 -1    172  1    297 -1    422 -1    547  1    672 -1    797 -1    922  1
  48 -1    173  1    298 -1    423  1    548 -1    673  1    798  1    923 -1
  49 -1    174  1    299 -1    424  1    549 -1    674 -1    799 -1    924 -1
  50  1    175  1    300  1    425 -1    550 -1    675  1    800 -1    925 -1
  51  1    176 -1    301 -1    426  1    551  1    676 -1    801  1    926 -1
  52 -1    177  1    302  1    427 -1    552  1    677  1    802 -1    927  1
  53  1    178 -1    303 -1    428 -1    553  1    678 -1    803 -1    928 -1
  54  1    179 -1    304 -1    429  1    554  1    679 -1    804 -1    929 -1
  55  1    180  1    305 -1    430  1    555 -1    680 -1    805 -1    930 -1
  56  1    181  1    306  1    431  1    556  1    681  1    806  1    931  1
  57  1    182  1    307  1    432  1    557  1    682  1    807  1    932 -1
  58 -1    183  1    308 -1    433 -1    558  1    683  1    808 -1    933  1
  59  1    184  1    309 -1    434 -1    559 -1    684 -1    809  1    934 -1
  60  1    185 -1    310  1    435 -1    560 -1    685  1    810 -1    935  1
  61 -1    186  1    311 -1    436  1    561 -1    686  1    811 -1    936  1
  62  1    187 -1    312 -1    437  1    562 -1    687  1    812 -1    937 -1
  63 -1    188 -1    313 -1    438  1    563  1    688 -1    813 -1    938 -1
  64  1    189 -1    314  1    439 -1    564 -1    689 -1    814  1    939  1
  65 -1    190  1    315 -1    440  1    565  1    690  1    815  1    940 -1
  66  1    191 -1    316 -1    441  1    566  1    691  1    816 -1    941 -1
  67 -1    192 -1    317 -1    442  1    567  1    692  1    817 -1    942 -1
  68 -1    193  1    318  1    443 -1    568 -1    693  1    818 -1    943  1
  69  1    194 -1    319  1    444 -1    569 -1    694 -1    819  1    944 -1
  70  1    195 -1    320 -1    445  1    570 -1    695 -1    820  1    945  1
  71 -1    196  1    321 -1    446  1    571  1    696  1    821 -1    946 -1
  72 -1    197  1    322  1    447 -1    572 -1    697  1    822  1    947  1
  73 -1    198 -1    323 -1    448  1    573 -1    698 -1    823  1    948  1
  74 -1    199 -1    324 -1    449 -1    574  1    699  1    824  1    949 -1
  75  1    200 -1    325  1    450  1    575 -1    700 -1    825  1    950  1
  76  1    201  1    326  1    451 -1    576 -1    701 -1    826 -1    951 -1
  77 -1    202  1    327 -1    452 -1    577  1    702 -1    827 -1    952 -1
  78 -1    203 -1    328 -1    453 -1    578 -1    703 -1    828  1    953  1
  79 -1    204 -1    329 -1    454  1    579  1    704  1    829 -1    954  1
  80 -1    205 -1    330  1    455 -1    580 -1    705  1    830 -1    955 -1
  81 -1    206 -1    331 -1    456 -1    581  1    706 -1    831 -1    956  1
  82 -1    207  1    332  1    457  1    582 -1    707  1    832  1    957 -1
  83  1    208  1    333  1    458  1    583  1    708  1    833  1    958 -1
  84  1    209 -1    334  1    459  1    584  1    709  1    834  1    959 -1
  85  1    210  1    335  1    460  1    585  1    710  1    835 -1    960 -1
  86  1    211 -1    336  1    461 -1    586  1    711 -1    836  1    961  1
  87  1    212  1    337  1    462  1    587 -1    712  1    837  1    962  1
  88 -1    213 -1    338  1    463 -1    588  1    713  1    838 -1    963  1
  89  1    214  1    339 -1    464  1    589 -1    714 -1    839 -1    964  1
  90  1    215  1    340 -1    465  1    590  1    715 -1    840  1    965 -1
  91 -1    216 -1    341 -1    466 -1    591  1    716 -1    841 -1    966 -1
  92 -1    217  1    342  1    467  1    592  1    717 -1    842 -1    967  1
  93  1    218  1    343  1    468 -1    593  1    718 -1    843 -1    968 -1
  94  1    219  1    344 -1    469  1    594 -1    719 -1    844 -1    969 -1
  95 -1    220 -1    345 -1    470 -1    595  1    720 -1    845  1    970  1
  96 -1    221  1    346  1    471  1    596  1    721 -1    846  1    971  1
  97 -1    222  1    347  1    472 -1    597  1    722  1    847 -1    972 -1
  98  1    223 -1    348 -1    473 -1    598 -1    723  1    848  1    973  1
  99  1    224  1    349  1    474  1    599 -1    724  1    849  1    974 -1
 100  1    225 -1    350  1    475 -1    600 -1    725 -1    850  1    975  1
 101 -1    226 -1    351 -1    476  1    601  1    726  1    851 -1    976  1
 102 -1    227  1    352  1    477 -1    602  1    727  1    852 -1    977  1
 103  1    228  1    353  1    478 -1    603 -1    728  1    853 -1    978  1
 104 -1    229 -1    354  1    479 -1    604  1    729  1    854  1    979  1
 105 -1    230 -1    355  1    480 -1    605  1    730 -1    855  1    980  1
 106 -1    231  1    356 -1    481 -1    606  1    731  1    856  1    981 -1
 107 -1    232 -1    357 -1    482  1    607  1    732 -1    857  1    982 -1
 108  1    233 -1    358 -1    483  1    608  1    733  1    858  1    983 -1
 109  1    234  1    359 -1    484  1    609 -1    734 -1    859  1    984  1
 110 -1    235 -1    360  1    485 -1    610  1    735 -1    860  1    985  1
 111 -1    236 -1    361 -1    486 -1    611 -1    736  1    861  1    986  1
 112  1    237  1    362 -1    487 -1    612  1    737  1    862 -1    987  1
 113  1    238 -1    363  1    488  1    613 -1    738  1    863  1    988 -1
 114  1    239 -1    364  1    489  1    614 -1    739 -1    864 -1    989  1
 115  1    240 -1    365 -1    490 -1    615  1    740  1    865  1    990 -1
 116 -1    241 -1    366 -1    491  1    616  1    741  1    866  1    991 -1
 117  1    242 -1    367  1    492 -1    617 -1    742 -1    867 -1    992 -1
 118  1    243  1    368  1    493 -1    618 -1    743  1    868  1    993  1
 119 -1    244 -1    369 -1    494  1    619  1    744  1    869  1    994  1
 120 -1    245  1    370  1    495  1    620 -1    745 -1    870 -1    995  1
 121 -1    246 -1    371  1    496  1    621  1    746  1    871 -1    996  1
 122 -1    247 -1    372  1    497  1    622  1    747  1    872 -1    997 -1
 123 -1    248 -1    373 -1    498  1    623  1    748  1    873  1    998 -1
 124 -1    249  1    374  1    499  1    624 -1    749 -1    874  1    999 -1
 125 -1    250 -1    375 -1    500  1    625  1    750  1    875 -1   1000  1
;

acc/m_test*100 = 93.5

s [*] :=
   1 0.850127       251 0.644943       501 5.40302e-10    751 6.04923e-10
   2 4.53537e-10    252 6.6502e-10     502 6.10127e-10    752 6.22704e-10
   3 8.83292e-10    253 6.60586e-10    503 1.12138        753 0.33679
   4 8.95252e-10    254 8.93904e-10    504 8.14181e-10    754 6.38922e-10
   5 0.926263       255 7.29197e-10    505 6.16429e-10    755 0.097876
   6 5.13534e-10    256 5.9903e-10     506 0.379167       756 0.13811
   7 7.22717e-10    257 9.01611e-10    507 8.99747e-10    757 8.8886e-10
   8 9.08816e-10    258 6.67075e-10    508 1.06946        758 6.23114e-10
   9 8.80502e-10    259 5.72145e-10    509 9.12104e-10    759 6.51397e-10
  10 0.461572       260 0.896926       510 0.501456       760 0.279793
  11 9.02132e-10    261 9.02683e-10    511 0.157889       761 8.02887e-10
  12 4.38674e-10    262 0.0726947      512 6.33364e-10    762 9.03977e-10
  13 6.36692e-10    263 7.51562e-10    513 3.30626        763 7.58009e-10
  14 6.09693e-10    264 8.34342e-10    514 6.65136e-10    764 5.94984e-10
  15 6.32926e-10    265 9.08444e-10    515 6.42253e-10    765 6.43709e-10
  16 8.99845e-10    266 2.54017        516 8.89815e-10    766 7.34914e-10
  17 0.682046       267 5.77189e-10    517 0.739104       767 6.36406e-10
  18 6.04922e-10    268 5.39878e-10    518 0.555812       768 8.94166e-10
  19 8.60594e-10    269 8.89935e-10    519 8.95937e-10    769 8.43716e-10
  20 9.14178e-10    270 3.607          520 6.16779e-10    770 8.85547e-10
  21 8.93854e-10    271 8.29388e-10    521 8.80508e-10    771 4.77492e-10
  22 0.649451       272 5.6749e-10     522 8.92757e-10    772 8.85635e-10
  23 0.00351122     273 0.350465       523 8.94862e-10    773 9.03956e-10
  24 0.58971        274 5.57626e-10    524 8.88142e-10    774 8.43683e-10
  25 7.33236e-10    275 8.28519e-10    525 5.74878e-10    775 8.00756e-10
  26 8.88603e-10    276 8.24882e-10    526 8.96081e-10    776 6.14237e-10
  27 9.04043e-10    277 4.15003e-10    527 9.0598e-10     777 8.83865e-10
  28 6.49115e-10    278 6.39445e-10    528 0.78296        778 7.80691e-10
  29 6.44695e-10    279 9.01135e-10    529 0.788548       779 8.35369e-10
  30 8.81326e-10    280 5.48719e-10    530 3.44476e-10    780 6.57428e-10
  31 8.46499e-10    281 6.40276e-10    531 7.72285e-10    781 6.60014e-10
  32 8.84601e-10    282 0.17989        532 0.125189       782 9.06441e-10
  33 6.57279e-10    283 0.364855       533 5.99687e-10    783 8.82024e-10
  34 8.87962e-10    284 6.56609e-10    534 6.79125        784 7.84858e-10
  35 0.580538       285 9.02984e-10    535 6.94188e-10    785 0.683324
  36 9.08716e-10    286 6.352e-10      536 7.70423e-10    786 0.76513
  37 8.24806e-10    287 0.301083       537 9.065e-10      787 5.32399e-10
  38 7.48647e-10    288 6.26239e-10    538 8.09526e-10    788 8.67632e-10
  39 8.84908e-10    289 0.880023       539 7.00808e-10    789 1.1496
  40 6.12165e-10    290 8.83096e-10    540 6.5383e-10     790 6.51948e-10
  41 8.94368e-10    291 5.12766e-10    541 9.02468e-10    791 6.45512e-10
  42 8.95582e-10    292 0.144065       542 6.73728e-10    792 0.860047
  43 8.87105e-10    293 6.36136e-10    543 0.36889        793 2.578
  44 6.49317e-10    294 6.03791e-10    544 6.24325e-10    794 7.20206e-10
  45 0.115137       295 0.518162       545 6.99393e-10    795 8.7931e-10
  46 9.03514e-10    296 7.3649e-10     546 8.91507e-10    796 0.452539
  47 9.03655e-10    297 0.452467       547 0.566363       797 5.99711e-10
  48 6.92881e-10    298 6.46756e-10    548 6.7305e-10     798 1.78323
  49 0.577984       299 0.204154       549 0.519241       799 2.8472
  50 5.54588e-10    300 5.73573e-10    550 0.690288       800 5.60626
  51 1.02112        301 6.48012e-10    551 8.20653e-10    801 8.73359e-10
  52 1.01277e-08    302 0.163698       552 4.95301e-10    802 0.747391
  53 6.70423e-10    303 0.323595       553 6.91983e-10    803 6.24894e-10
  54 6.35488e-10    304 8.90942e-10    554 0.802546       804 0.544809
  55 8.16464e-10    305 0.562123       555 6.89374e-10    805 0.678097
  56 8.41195e-10    306 6.51838e-10    556 8.26382e-10    806 8.9736e-10
  57 6.57245e-10    307 7.38537e-10    557 8.79176e-10    807 9.07595e-10
  58 8.8522e-10     308 7.93971e-10    558 9.09211e-10    808 0.6174
  59 6.00324e-10    309 0.393668       559 4.76615e-10    809 0.978586
  60 6.32541e-10    310 8.86181e-10    560 7.02172e-10    810 9.05891e-10
  61 0.153535       311 6.04736e-10    561 0.942837       811 6.41234e-10
  62 8.19525e-10    312 5.45363e-10    562 1.85301        812 0.804663
  63 6.42575e-10    313 7.1106e-10     563 5.64059e-10    813 7.81744
  64 0.281529       314 6.31606e-10    564 7.9628e-10     814 8.53672e-10
  65 4.72981e-10    315 0.903533       565 7.50386e-10    815 0.377694
  66 0.728869       316 6.46936e-10    566 6.51244e-10    816 8.95722e-10
  67 0.926013       317 0.878154       567 0.749921       817 6.33983e-10
  68 6.31866e-10    318 7.13762e-10    568 9.03092e-10    818 0.00648238
  69 5.22223e-10    319 5.57052        569 4.83376e-10    819 8.1938e-10
  70 5.78932e-10    320 6.66817e-10    570 8.87687e-10    820 5.39948e-10
  71 1.04219        321 8.12311e-10    571 6.23067e-10    821 6.21675e-10
  72 7.1336e-10     322 5.55697        572 5.29788e-10    822 8.55473e-10
  73 0.79076        323 7.00525e-10    573 4.42701e-10    823 6.06063e-10
  74 0.849995       324 0.855767       574 6.28004e-10    824 0.394883
  75 4.6421e-10     325 0.940435       575 0.315307       825 6.14231e-10
  76 5.80585e-10    326 6.21933e-10    576 7.47867e-10    826 1.06032
  77 0.203328       327 8.90553e-10    577 6.40763e-10    827 8.98423e-10
  78 6.20789e-10    328 8.67263e-10    578 8.81279e-10    828 0.65141
  79 9.03734e-10    329 8.90262e-10    579 8.93862e-10    829 0.0145736
  80 0.535168       330 0.0494511      580 8.63797e-10    830 8.90238e-10
  81 6.13329        331 6.18805e-10    581 8.80793e-10    831 0.969666
  82 0.640744       332 8.85355e-10    582 6.81316e-10    832 5.89204e-10
  83 6.71275e-10    333 0.00977726     583 6.70442e-10    833 6.0069e-10
  84 8.1211e-10     334 0.274257       584 8.8648e-10     834 8.1276e-10
  85 9.01897e-10    335 8.8103e-10     585 0.341164       835 0.745779
  86 7.34219e-10    336 6.78518e-10    586 9.02303e-10    836 0.054313
  87 6.06837e-10    337 0.834789       587 0.0912465      837 0.230826
  88 8.39842e-10    338 5.18718        588 0.613394       838 6.33447e-10
  89 7.18028e-10    339 2.92667        589 6.57819e-10    839 9.03542e-10
  90 8.35866e-10    340 6.36906e-10    590 8.83533e-10    840 5.82558e-10
  91 0.531074       341 7.24609e-10    591 8.99172e-10    841 9.01966e-10
  92 6.52388e-10    342 6.10282e-10    592 0.644124       842 8.92726e-10
  93 9.09163e-10    343 6.37829e-10    593 1.04082        843 6.16626e-10
  94 8.98215e-10    344 5.6245e-10     594 4.88991e-10    844 0.678912
  95 8.82965e-10    345 8.29399e-10    595 9.02909e-10    845 6.48713e-10
  96 7.06778e-10    346 7.31504e-10    596 0.320715       846 6.56676e-10
  97 7.84135e-10    347 7.83791e-10    597 9.00456e-10    847 0.669113
  98 6.49586e-10    348 0.621358       598 0.864729       848 0.101146
  99 8.21624e-10    349 6.49558e-10    599 5.61155e-10    849 5.97272e-10
 100 6.91389e-10    350 0.315747       600 1.07935        850 8.95358e-10
 101 8.58671e-10    351 8.27667e-10    601 8.96782e-10    851 6.43663e-10
 102 8.74671e-10    352 0.302034       602 7.80665e-10    852 6.19276e-10
 103 6.02556e-10    353 6.77135e-10    603 5.86843e-10    853 5.85792e-10
 104 5.47933e-10    354 0.0831925      604 6.26307e-10    854 0.0159124
 105 0.785144       355 5.91393e-10    605 6.59066e-10    855 5.63314e-10
 106 6.03512e-10    356 5.42353e-10    606 0.0677415      856 0.303237
 107 5.65233e-10    357 7.57274e-10    607 8.72202e-10    857 6.28025e-10
 108 0.986996       358 6.55242e-10    608 8.80769e-10    858 5.79733e-10
 109 3.85717e-08    359 6.33077e-10    609 0.248144       859 3.77522
 110 3.9775         360 5.86882e-10    610 7.03848e-10    860 6.46351e-10
 111 6.26142e-10    361 9.06955e-10    611 0.192086       861 6.2125e-10
 112 0.722981       362 8.45952e-10    612 0.679779       862 5.65752e-10
 113 0.203346       363 1.13702        613 0.161166       863 0.140811
 114 0.154514       364 0.497746       614 7.01495e-10    864 6.23707e-10
 115 8.86393e-10    365 6.37616e-10    615 0.751973       865 0.870695
 116 6.5888e-10     366 8.81837e-10    616 6.82744e-10    866 8.98406e-10
 117 9.09015e-10    367 0.0173426      617 6.58265e-10    867 6.50983e-10
 118 0.419554       368 6.33552e-10    618 8.85538e-10    868 6.63769e-10
 119 8.14728e-10    369 1.36269        619 7.56145        869 5.33088e-10
 120 5.53755e-10    370 6.85339e-10    620 7.07654e-10    870 8.8586e-10
 121 9.0903e-10     371 7.85328e-10    621 3.17164e-10    871 0.147873
 122 0.0841491      372 6.30801e-10    622 6.69262e-10    872 8.9883e-10
 123 4.95967e-10    373 0.719262       623 0.642928       873 8.82123e-10
 124 1.82537        374 6.62847e-10    624 8.5545e-10     874 8.60807e-10
 125 0.259513       375 0.716674       625 6.00794e-10    875 8.8342e-10
 126 0.653441       376 6.37574e-10    626 0.409294       876 7.41271e-10
 127 6.59733e-10    377 8.57697e-10    627 8.62366e-10    877 6.38724e-10
 128 6.35778e-10    378 8.29622e-10    628 6.87109e-10    878 8.82031e-10
 129 0.296515       379 8.83376e-10    629 5.81865e-10    879 0.236206
 130 8.51929e-10    380 6.42057e-10    630 9.06613e-10    880 8.80867e-10
 131 9.00235e-10    381 8.98239e-10    631 0.812485       881 0.581775
 132 4.74044e-10    382 6.49415e-10    632 5.21836        882 3.22972e-10
 133 8.97514e-10    383 1.08408        633 0.132369       883 8.89305e-10
 134 0.732475       384 1.08249        634 8.57405e-10    884 6.24714e-10
 135 0.830677       385 8.99183e-10    635 0.0899566      885 0.420047
 136 7.78196e-10    386 5.42311e-10    636 5.76402e-10    886 6.36328e-10
 137 8.29382e-10    387 0.16917        637 1.08905        887 0.225042
 138 8.512e-10      388 6.70258e-10    638 0.510387       888 8.55156e-10
 139 2.08756        389 6.35167e-10    639 6.85707e-10    889 6.00271e-10
 140 8.65276e-10    390 0.736947       640 0.131537       890 7.39893e-10
 141 6.12881e-10    391 6.72253e-10    641 1.87691        891 5.73709
 142 6.19306e-10    392 5.93809e-10    642 5.70106e-10    892 9.02809e-10
 143 6.48521e-10    393 0.465932       643 6.27906e-10    893 1.18316
 144 9.11675e-10    394 0.559058       644 0.0512223      894 9.03156e-10
 145 9.0476e-10     395 6.22925e-10    645 6.09383e-10    895 0.938431
 146 0.328793       396 6.15512e-10    646 0.360603       896 6.22481e-10
 147 6.59768e-10    397 0.645717       647 9.04918e-10    897 7.98054e-10
 148 7.1064e-10     398 0.251602       648 8.94646e-10    898 8.9629e-10
 149 8.93409e-10    399 8.63422e-10    649 1.08514        899 6.15633e-10
 150 6.60631e-10    400 0.60161        650 8.04085e-10    900 7.2884e-10
 151 8.94604e-10    401 6.94366e-10    651 6.37398e-10    901 1.6666
 152 6.32301e-10    402 8.80594e-10    652 0.180055       902 6.54123e-10
 153 0.0817696      403 8.57988e-10    653 6.5604e-10     903 5.79746e-10
 154 8.98676e-10    404 7.84004e-10    654 6.40435e-10    904 8.62991e-10
 155 5.29247e-10    405 6.27647e-10    655 0.375852       905 9.08365e-10
 156 0.909994       406 5.46083e-10    656 0.113967       906 6.37622
 157 8.18655e-10    407 8.81407e-10    657 7.37711e-10    907 0.678688
 158 8.91666e-10    408 8.81175e-10    658 6.60101e-10    908 1.23146
 159 8.61627e-10    409 0.0870729      659 0.755646       909 9.01365e-10
 160 1.0029         410 2.11664        660 8.24373e-10    910 8.01734e-10
 161 2.7481         411 6.5445e-10     661 0.601475       911 0.995418
 162 0.555458       412 0.980974       662 9.00246e-10    912 1.09962
 163 8.90478e-10    413 0.616011       663 5.79899e-10    913 8.29558e-10
 164 4.92231e-10    414 6.20307e-10    664 0.608363       914 8.9893e-10
 165 0.270225       415 8.80794e-10    665 6.29382e-10    915 8.81305e-10
 166 6.75715e-10    416 6.97545e-10    666 9.0896e-10     916 0.533908
 167 6.52916e-10    417 5.47984e-10    667 0.709628       917 0.23295
 168 0.0121961      418 0.832562       668 9.0145e-10     918 8.92059e-10
 169 6.66427e-10    419 7.56254e-10    669 6.41105e-10    919 0.488918
 170 0.773053       420 5.69494e-10    670 0.143032       920 8.87413e-10
 171 9.03336e-10    421 4.80641e-10    671 7.12802e-10    921 0.0668643
 172 1.79813        422 0.251652       672 9.04116e-10    922 0.838904
 173 8.72907e-10    423 9.06322e-10    673 8.65881e-10    923 7.1261e-10
 174 8.45489e-10    424 6.17296e-10    674 8.85946e-10    924 8.99374e-10
 175 0.216587       425 7.45215e-10    675 8.08325e-10    925 6.75915e-10
 176 0.588391       426 6.69229e-10    676 5.11379e-10    926 7.27946e-10
 177 7.08249e-10    427 0.496817       677 8.89929e-10    927 0.793204
 178 6.31144e-10    428 5.67825e-10    678 6.69314e-10    928 6.45368e-10
 179 6.48232e-10    429 8.66175e-10    679 0.222704       929 8.9602e-10
 180 6.37794        430 0.371382       680 8.6583e-10     930 7.59953e-10
 181 7.84981e-10    431 8.83686e-10    681 9.02892e-10    931 9.08204e-10
 182 8.44556e-10    432 0.370137       682 8.82115e-10    932 5.12275e-10
 183 8.24458e-10    433 6.22805e-10    683 5.14753e-10    933 6.58884e-10
 184 5.83517e-10    434 6.50222e-10    684 6.05168e-10    934 7.67672e-10
 185 7.37848e-10    435 9.06172e-10    685 6.76709e-10    935 8.89336e-10
 186 6.49209e-10    436 7.78846e-10    686 6.1406e-10     936 7.00574e-10
 187 3.9226e-10     437 6.47517e-10    687 6.51727e-10    937 6.74335e-10
 188 6.46529e-10    438 0.196568       688 6.32279e-10    938 8.1628e-10
 189 7.10462e-10    439 0.675611       689 6.13005e-10    939 6.24147e-10
 190 7.67652e-10    440 8.8932e-10     690 0.370783       940 8.84046e-10
 191 0.741235       441 0.820014       691 4.53772e-10    941 7.03223e-10
 192 6.60442e-10    442 8.94882e-10    692 8.39127e-10    942 7.54485e-10
 193 6.68713e-10    443 0.212836       693 0.343318       943 6.48461e-10
 194 0.747647       444 8.93378e-10    694 8.2788e-10     944 9.11242e-10
 195 6.32744e-10    445 8.23016e-10    695 8.825e-10      945 0.335444
 196 6.03527e-10    446 6.56007e-10    696 8.78867e-09    946 4.414e-10
 197 0.553506       447 0.844061       697 0.531463       947 8.35442e-10
 198 6.18899e-10    448 6.82906e-09    698 9.14882e-10    948 8.65794e-10
 199 6.52697e-10    449 8.86473e-10    699 6.81396e-10    949 3.80979e-10
 200 7.07829e-10    450 1.07196        700 3.9995         950 0.167708
 201 8.34487e-10    451 6.28693e-10    701 8.80185e-10    951 0.662946
 202 8.57616e-10    452 8.57108e-10    702 0.49385        952 9.06153e-10
 203 8.80764e-10    453 6.48049e-10    703 6.33118e-10    953 8.89173e-10
 204 8.95937e-10    454 7.0323e-10     704 8.96027e-10    954 0.548394
 205 5.82865e-10    455 9.00257e-10    705 6.40901e-10    955 8.03334e-10
 206 6.49128e-10    456 1.30085        706 7.82658e-10    956 0.527692
 207 6.07812        457 8.85139e-10    707 5.58686e-10    957 2.70648
 208 6.2624e-10     458 6.25236e-10    708 8.35922e-10    958 7.93915e-10
 209 8.10196e-10    459 8.84848e-10    709 0.015134       959 0.256011
 210 0.425929       460 8.57453e-10    710 6.2112e-10     960 0.266832
 211 5.95205e-10    461 6.23057e-10    711 8.96447e-10    961 0.228211
 212 9.01917e-10    462 7.14147e-10    712 8.95117e-10    962 6.77003e-10
 213 6.29901e-10    463 6.35655e-10    713 9.04514e-10    963 2.15382
 214 9.11083e-10    464 0.142625       714 7.99149e-10    964 8.61185e-10
 215 4.60073e-10    465 0.807265       715 4.74263        965 0.632954
 216 0.383983       466 0.63441        716 0.393531       966 7.88812e-10
 217 9.08176e-10    467 0.40378        717 7.21245e-10    967 0.689071
 218 0.815845       468 8.9005e-10     718 6.73438e-10    968 8.85027e-10
 219 6.54139e-10    469 8.83555e-10    719 8.32754e-10    969 0.286628
 220 8.66952e-10    470 7.67325e-10    720 0.816267       970 5.77528e-10
 221 6.71463e-10    471 1.97388        721 8.79783e-10    971 0.809285
 222 6.48915e-10    472 0.17624        722 4.01317e-10    972 2.69531
 223 0.711081       473 8.84364e-10    723 7.01622e-10    973 8.32683e-10
 224 8.99317e-10    474 9.00899e-10    724 6.30136e-10    974 0.417166
 225 6.21766e-10    475 1.87205        725 7.4332e-10     975 5.94809e-10
 226 0.917629       476 7.70441e-10    726 6.22795e-10    976 0.478823
 227 0.175877       477 6.61112e-10    727 8.95805e-10    977 1.58883
 228 6.48274e-10    478 8.951e-10      728 6.52787e-10    978 0.279344
 229 0.3378         479 6.46114e-10    729 8.86099e-10    979 8.79645e-10
 230 5.79005e-10    480 0.374264       730 5.98166e-10    980 0.74446
 231 5.75204e-10    481 0.620511       731 4.53694e-10    981 8.98804e-10
 232 0.328103       482 8.47979e-10    732 8.10368e-10    982 8.95964e-10
 233 0.641143       483 0.177171       733 9.1128e-10     983 2.05025
 234 0.391892       484 0.0371499      734 0.623106       984 0.106432
 235 0.383359       485 6.26472        735 6.45965e-10    985 0.831725
 236 8.8048e-10     486 5.34382e-10    736 6.53622e-10    986 7.64082e-10
 237 2.52691        487 6.56901e-10    737 5.86668e-10    987 6.4782e-10
 238 7.55706e-10    488 9.07391e-10    738 6.88096e-10    988 0.0230156
 239 0.647946       489 5.40693e-10    739 9.0681e-10     989 0.919816
 240 8.62973e-10    490 5.22982e-10    740 9.12043e-10    990 5.17657e-10
 241 0.241349       491 7.54394e-10    741 0.19823        991 6.17382e-10
 242 6.13257        492 0.207977       742 8.99668e-10    992 5.51981e-10
 243 9.05042e-10    493 0.616712       743 7.46584e-10    993 0.418679
 244 8.98481e-10    494 8.89075e-10    744 7.82162e-10    994 0.135464
 245 6.94307e-10    495 3.58781        745 0.875633       995 0.633516
 246 0.847378       496 5.97791e-10    746 4.89976e-10    996 0.551927
 247 8.8375e-10     497 6.35127e-10    747 5.66323e-10    997 0.70933
 248 8.80029e-10    498 0.662182       748 8.0426e-10     998 0.0813588
 249 8.99455e-10    499 8.91754e-10    749 8.81082e-10    999 1.28913
 250 6.07282e-10    500 7.32989e-10    750 5.74186e-10   1000 6.82142e-10
;

