##############################################################
##					Mathematical Optimization				##
## 					J.P Zaldivar & E. Millán				##
##############################################################

param m_train := 960;
param n := 4;
param nu := 1;

param y_train :=
1	1
2	1
3	1
4	-1
5	-1
6	1
7	-1
8	-1
9	1
10	1
11	-1
12	-1
13	1
14	-1
15	-1
16	1
17	1
18	-1
19	1
20	-1
21	-1
22	1
23	1
24	-1
25	-1
26	-1
27	1
28	1
29	-1
30	1
31	1
32	-1
33	1
34	-1
35	1
36	1
37	-1
38	1
39	-1
40	1
41	-1
42	-1
43	1
44	1
45	1
46	-1
47	1
48	-1
49	1
50	-1
51	-1
52	-1
53	1
54	-1
55	1
56	-1
57	1
58	-1
59	-1
60	1
61	1
62	1
63	-1
64	-1
65	1
66	1
67	-1
68	1
69	1
70	-1
71	-1
72	1
73	-1
74	1
75	1
76	-1
77	-1
78	1
79	-1
80	-1
81	-1
82	-1
83	-1
84	1
85	1
86	1
87	-1
88	-1
89	1
90	-1
91	1
92	-1
93	-1
94	-1
95	-1
96	1
97	1
98	1
99	1
100	-1
101	-1
102	-1
103	1
104	-1
105	-1
106	1
107	-1
108	-1
109	1
110	1
111	-1
112	-1
113	1
114	-1
115	-1
116	1
117	-1
118	-1
119	1
120	-1
121	1
122	1
123	-1
124	1
125	-1
126	-1
127	1
128	1
129	-1
130	1
131	-1
132	-1
133	-1
134	1
135	-1
136	1
137	1
138	1
139	-1
140	-1
141	1
142	1
143	-1
144	-1
145	-1
146	-1
147	1
148	-1
149	1
150	1
151	-1
152	-1
153	-1
154	-1
155	-1
156	1
157	1
158	1
159	1
160	1
161	-1
162	-1
163	1
164	-1
165	1
166	-1
167	1
168	1
169	1
170	-1
171	-1
172	-1
173	-1
174	1
175	-1
176	-1
177	-1
178	1
179	1
180	-1
181	1
182	1
183	1
184	-1
185	-1
186	1
187	1
188	-1
189	-1
190	1
191	-1
192	1
193	1
194	1
195	-1
196	1
197	-1
198	-1
199	-1
200	-1
201	1
202	-1
203	-1
204	1
205	1
206	-1
207	-1
208	-1
209	-1
210	1
211	1
212	-1
213	1
214	-1
215	1
216	1
217	-1
218	-1
219	1
220	-1
221	1
222	-1
223	-1
224	1
225	1
226	-1
227	1
228	-1
229	1
230	-1
231	1
232	-1
233	1
234	-1
235	-1
236	1
237	1
238	-1
239	-1
240	1
241	1
242	1
243	-1
244	1
245	1
246	1
247	-1
248	1
249	1
250	1
251	-1
252	-1
253	1
254	-1
255	-1
256	-1
257	-1
258	-1
259	-1
260	-1
261	1
262	1
263	-1
264	-1
265	-1
266	1
267	1
268	-1
269	1
270	-1
271	-1
272	1
273	1
274	-1
275	1
276	1
277	1
278	1
279	-1
280	1
281	1
282	1
283	1
284	1
285	-1
286	1
287	-1
288	1
289	1
290	1
291	1
292	-1
293	-1
294	1
295	1
296	-1
297	1
298	1
299	-1
300	1
301	-1
302	1
303	1
304	1
305	-1
306	1
307	-1
308	-1
309	-1
310	1
311	1
312	1
313	1
314	1
315	1
316	-1
317	-1
318	-1
319	1
320	-1
321	-1
322	-1
323	1
324	1
325	-1
326	-1
327	1
328	-1
329	1
330	-1
331	-1
332	-1
333	-1
334	1
335	-1
336	1
337	-1
338	1
339	-1
340	1
341	-1
342	1
343	1
344	-1
345	-1
346	-1
347	-1
348	-1
349	-1
350	-1
351	-1
352	-1
353	-1
354	-1
355	-1
356	1
357	1
358	-1
359	-1
360	1
361	-1
362	-1
363	-1
364	-1
365	-1
366	-1
367	1
368	1
369	1
370	1
371	-1
372	1
373	-1
374	1
375	-1
376	1
377	-1
378	1
379	-1
380	-1
381	-1
382	-1
383	-1
384	-1
385	-1
386	1
387	1
388	-1
389	1
390	-1
391	-1
392	1
393	-1
394	1
395	-1
396	1
397	-1
398	-1
399	1
400	-1
401	1
402	1
403	-1
404	-1
405	-1
406	-1
407	-1
408	1
409	-1
410	-1
411	1
412	1
413	-1
414	1
415	1
416	-1
417	1
418	-1
419	-1
420	-1
421	1
422	-1
423	-1
424	-1
425	-1
426	-1
427	-1
428	-1
429	-1
430	-1
431	1
432	-1
433	-1
434	-1
435	1
436	1
437	-1
438	1
439	1
440	1
441	1
442	-1
443	-1
444	-1
445	1
446	-1
447	1
448	-1
449	1
450	-1
451	-1
452	-1
453	1
454	-1
455	-1
456	-1
457	1
458	-1
459	1
460	1
461	1
462	1
463	-1
464	-1
465	-1
466	-1
467	-1
468	-1
469	1
470	1
471	1
472	1
473	1
474	1
475	1
476	1
477	-1
478	-1
479	1
480	1
481	-1
482	1
483	1
484	-1
485	1
486	-1
487	-1
488	-1
489	-1
490	1
491	-1
492	1
493	1
494	-1
495	1
496	-1
497	-1
498	-1
499	-1
500	1
501	1
502	-1
503	1
504	1
505	-1
506	1
507	-1
508	1
509	1
510	1
511	-1
512	1
513	-1
514	-1
515	-1
516	1
517	-1
518	-1
519	-1
520	-1
521	-1
522	1
523	-1
524	-1
525	1
526	-1
527	1
528	1
529	1
530	1
531	-1
532	1
533	1
534	-1
535	-1
536	1
537	-1
538	1
539	-1
540	-1
541	-1
542	-1
543	-1
544	-1
545	1
546	-1
547	-1
548	-1
549	1
550	1
551	-1
552	-1
553	1
554	1
555	1
556	-1
557	-1
558	-1
559	-1
560	1
561	-1
562	-1
563	1
564	-1
565	1
566	1
567	1
568	-1
569	-1
570	1
571	1
572	1
573	1
574	1
575	-1
576	-1
577	-1
578	-1
579	-1
580	-1
581	1
582	-1
583	1
584	1
585	-1
586	1
587	-1
588	-1
589	-1
590	-1
591	1
592	1
593	-1
594	-1
595	1
596	1
597	-1
598	-1
599	1
600	-1
601	-1
602	-1
603	-1
604	-1
605	1
606	-1
607	-1
608	-1
609	1
610	1
611	1
612	-1
613	-1
614	-1
615	-1
616	-1
617	1
618	1
619	1
620	1
621	1
622	-1
623	-1
624	-1
625	-1
626	1
627	-1
628	1
629	-1
630	1
631	1
632	1
633	-1
634	1
635	1
636	-1
637	-1
638	-1
639	-1
640	-1
641	1
642	-1
643	1
644	-1
645	-1
646	-1
647	1
648	1
649	-1
650	-1
651	-1
652	1
653	-1
654	-1
655	-1
656	1
657	-1
658	-1
659	1
660	1
661	-1
662	1
663	-1
664	-1
665	-1
666	-1
667	-1
668	1
669	1
670	1
671	1
672	1
673	-1
674	-1
675	1
676	1
677	1
678	-1
679	-1
680	1
681	-1
682	-1
683	-1
684	1
685	-1
686	1
687	-1
688	1
689	-1
690	-1
691	-1
692	-1
693	1
694	-1
695	1
696	1
697	1
698	1
699	-1
700	1
701	-1
702	-1
703	-1
704	-1
705	-1
706	-1
707	1
708	1
709	-1
710	-1
711	-1
712	-1
713	1
714	-1
715	-1
716	-1
717	-1
718	1
719	-1
720	-1
721	1
722	1
723	1
724	1
725	1
726	1
727	-1
728	1
729	-1
730	1
731	-1
732	1
733	-1
734	1
735	1
736	-1
737	-1
738	-1
739	1
740	1
741	-1
742	1
743	1
744	-1
745	1
746	1
747	1
748	-1
749	-1
750	1
751	1
752	-1
753	-1
754	1
755	-1
756	-1
757	1
758	-1
759	-1
760	-1
761	1
762	-1
763	-1
764	-1
765	-1
766	-1
767	-1
768	-1
769	-1
770	-1
771	-1
772	-1
773	-1
774	1
775	-1
776	1
777	1
778	-1
779	-1
780	-1
781	1
782	-1
783	1
784	-1
785	-1
786	-1
787	-1
788	-1
789	-1
790	1
791	1
792	-1
793	1
794	-1
795	1
796	1
797	1
798	-1
799	-1
800	-1
801	1
802	-1
803	1
804	1
805	1
806	-1
807	-1
808	1
809	1
810	1
811	-1
812	1
813	-1
814	1
815	-1
816	1
817	-1
818	-1
819	1
820	-1
821	1
822	1
823	-1
824	1
825	1
826	-1
827	1
828	1
829	1
830	-1
831	-1
832	-1
833	-1
834	1
835	-1
836	1
837	1
838	1
839	1
840	1
841	-1
842	-1
843	-1
844	1
845	-1
846	1
847	-1
848	-1
849	1
850	-1
851	-1
852	-1
853	-1
854	1
855	1
856	-1
857	1
858	-1
859	-1
860	-1
861	-1
862	-1
863	-1
864	-1
865	-1
866	1
867	-1
868	-1
869	-1
870	1
871	-1
872	1
873	-1
874	-1
875	1
876	1
877	1
878	1
879	-1
880	-1
881	-1
882	1
883	1
884	1
885	1
886	1
887	-1
888	-1
889	1
890	1
891	-1
892	-1
893	-1
894	-1
895	-1
896	-1
897	-1
898	1
899	-1
900	1
901	1
902	-1
903	1
904	1
905	1
906	1
907	1
908	-1
909	1
910	-1
911	1
912	-1
913	1
914	-1
915	1
916	1
917	1
918	-1
919	-1
920	1
921	1
922	-1
923	-1
924	1
925	1
926	1
927	1
928	-1
929	-1
930	1
931	-1
932	-1
933	-1
934	-1
935	1
936	1
937	-1
938	1
939	-1
940	1
941	1
942	1
943	-1
944	-1
945	-1
946	1
947	1
948	-1
949	1
950	-1
951	-1
952	-1
953	-1
954	-1
955	1
956	-1
957	-1
958	1
959	1
960	1
;
param A_train : 1 2 3 4 :=
1	-0.98193 2.7956 -1.2341 -1.5668 
2	-0.29858 2.4769 -2.9512 -0.66165 
3	0.61652 3.8944 -4.7275 -4.3948 
4	0.83292 7.5404 0.65005 -0.92544 
5	0.87603 6.8141 0.84198 -0.17156 
6	0.26877 4.987 -5.1508 -6.3913 
7	0.19081 9.1297 -3.725 -5.8224 
8	3.4647 -3.9172 3.9746 0.36119 
9	-2.9672 -13.2869 13.4727 -2.6271 
10	0.55298 -3.4619 1.7048 1.1008 
11	1.7496 -0.1759 5.1827 1.2922 
12	3.6277 0.9829 0.68861 0.63403 
13	-2.5665 -6.8824 7.5416 0.70774 
14	0.93611 8.6413 -1.6351 -1.3043 
15	0.051979 7.0521 -2.0541 -3.1508 
16	-0.81479 -5.7381 4.3919 0.3211 
17	-1.9116 -6.1603 5.606 0.48533 
18	-0.95923 0.091039 6.2204 -1.4828 
19	-3.3553 0.35591 2.6473 -0.37846 
20	3.8969 7.4163 -1.8245 0.14007 
21	4.0972 0.46972 1.6671 0.91593 
22	-3.8167 5.1401 -0.65063 -5.4306 
23	1.164 3.913 -4.5544 -3.8672 
24	1.0009 7.7846 -0.28219 -2.6608 
25	4.6464 10.5326 -4.5852 -4.206 
26	1.8533 6.1458 1.0176 -2.0401 
27	0.31803 -0.99326 1.0947 0.88619 
28	-7.0364 9.2931 0.16594 -4.5396 
29	2.6917 10.8161 -3.3 -4.2888 
30	-3.5895 -6.572 10.5251 -0.16381 
31	-0.86339 1.9348 -2.3729 -1.0897 
32	4.6689 1.3098 0.055404 1.909 
33	0.48797 3.5674 -4.3882 -3.8116 
34	2.1948 1.3781 1.1582 0.85774 
35	-5.3012 7.3915 0.029699 -7.3987 
36	-3.5681 -8.213 10.083 0.96765 
37	3.9529 -2.3548 2.3792 0.48274 
38	-3.4605 2.6901 0.16165 -1.0224 
39	-1.2576 1.5892 7.0078 0.42455 
40	-2.9883 0.31245 0.45041 0.068951 
41	0.5195 -3.2633 3.0895 -0.9849 
42	2.2526 9.9636 -3.1749 -2.9944 
43	-1.8343 -6.5907 5.6429 0.54998 
44	-1.3414 -1.9162 -0.15538 -0.11984 
45	-4.0786 2.9239 0.87026 -0.65389 
46	2.8232 10.8513 -3.1466 -3.9784 
47	-2.1802 3.3791 -1.2256 -2.6621 
48	1.7257 -4.4697 8.2219 -1.8073 
49	-3.0986 -10.4602 8.9717 -2.3427 
50	0.9297 -3.7971 4.6429 -0.2957 
51	-1.9667 11.8052 -0.40472 -7.8719 
52	3.0009 5.8126 -2.2306 -0.66553 
53	-3.6053 -5.974 10.0916 -0.82846 
54	4.0026 -3.5943 3.5573 0.26809 
55	-2.8391 -6.63 10.4849 -0.42113 
56	2.6213 5.7919 0.065686 -1.5759 
57	-6.4247 9.5311 0.022844 -6.8517 
58	2.8521 9.171 -3.6461 -1.2047 
59	2.9421 7.4101 -0.97709 -0.88406 
60	-3.551 1.8955 0.1865 -2.4409 
61	-3.4083 4.8587 -0.76888 -4.8668 
62	-0.55648 3.2136 -3.3085 -2.7965 
63	4.0524 5.6802 -1.9693 0.026279 
64	4.3937 0.35798 2.0416 1.2004 
65	-0.47465 -4.3496 1.9901 0.7517 
66	-0.36025 -4.449 2.1067 0.94308 
67	2.8523 9.0096 -3.761 -3.3371 
68	-1.7015 -0.010356 -0.99337 -0.53104 
69	-1.0833 -0.31247 1.2815 0.41291 
70	1.1166 8.6496 -0.96252 -1.8112 
71	3.6289 0.81322 1.6277 0.77627 
72	-1.4427 3.2922 -1.9702 -3.4392 
73	0.96441 5.8395 2.3235 0.066365 
74	-3.506 -12.5667 15.1606 -0.75216 
75	-7.0421 9.2 0.25933 -4.6832 
76	2.6682 10.216 -3.4414 -4.0069 
77	4.7285 2.1065 -0.28305 1.5625 
78	-0.4294 -0.14693 0.044265 -0.15605 
79	2.5503 -4.9518 6.3729 -0.41596 
80	3.9362 10.1622 -3.8235 -4.0172 
81	4.0962 10.1891 -3.9323 -4.1827 
82	0.045304 6.7334 1.0708 -0.9332 
83	4.6054 -4.0765 2.7587 0.31981 
84	-0.82601 2.9611 -1.2864 -1.4647 
85	-1.0116 -0.19038 -0.90597 0.003003 
86	-0.40951 -0.15521 0.060545 -0.088807 
87	3.5156 10.1891 -4.2759 -4.978 
88	3.4916 8.5709 -3.0326 -0.59182 
89	-1.3066 0.25244 0.7623 1.7758 
90	4.988 7.2052 -3.2846 -1.1608 
91	0.11592 3.2219 -3.4302 -2.8457 
92	1.3234 3.2964 0.2362 -0.11984 
93	3.6575 7.2797 -2.2692 -1.144 
94	4.9923 7.8653 -2.3515 -0.71984 
95	-4.2859 8.5234 3.1392 -0.91639 
96	1.3403 4.1323 -4.7018 -2.5987 
97	-0.87874 -2.2121 -0.051701 0.099985 
98	-0.46651 2.3383 -2.9812 -1.0431 
99	-0.87834 3.257 -3.6778 -3.2944 
100	2.0911 0.94358 4.5512 1.234 
101	3.4246 -0.14693 0.80342 0.29136 
102	4.2475 1.4816 -0.48355 0.95343 
103	1.5631 0.89599 -1.9702 0.65472 
104	0.5195 -3.2633 3.0895 -0.9849 
105	1.5099 0.039307 6.2332 -0.30346 
106	-1.1667 -1.4237 2.9241 0.66119 
107	0.5706 -0.024841 1.2421 -0.56208 
108	3.5189 6.332 -1.7791 -0.020273 
109	-2.4621 2.7645 -0.62578 -2.8573 
110	-0.071503 3.7412 -4.5415 -4.2526 
111	4.1927 -3.2674 2.5839 0.21766 
112	-0.2062 9.2207 -3.7044 -6.8103 
113	-2.5724 -0.95602 2.7073 -0.16639 
114	2.6463 -4.8152 6.3549 0.003003 
115	2.5227 2.2369 2.7236 0.79438 
116	-4.9462 3.5716 0.82742 -1.4957 
117	0.86736 5.5643 1.6765 -0.16769 
118	4.6352 -3.0087 2.6773 1.212 
119	-0.69078 -0.50077 -0.35417 0.47498 
120	1.8314 6.3672 -0.036278 0.049554 
121	-0.21888 -2.2038 -0.0954 0.56421 
122	-2.0545 -10.8679 9.4926 -1.4116 
123	1.5902 2.2948 3.2403 0.18404 
124	-3.7503 -13.4586 17.5932 -2.7771 
125	4.6361 -2.6611 2.8358 1.1991 
126	1.0135 8.4551 -1.672 -2.0815 
127	-4.211 -12.4736 14.9704 -1.3884 
128	-0.36506 2.8928 -3.6461 -3.0603 
129	-0.11996 6.8741 0.91995 -0.6694 
130	0.12126 0.22347 -0.47327 0.97024 
131	0.49571 10.2243 -1.097 -4.0159 
132	4.6562 7.6398 -2.4243 -1.2384 
133	4.0102 10.6568 -4.1388 -5.0646 
134	1.0194 1.1029 -2.3 0.59395 
135	1.1518 1.3864 5.2727 -0.43536 
136	-4.0214 -12.8006 15.6199 -0.95647 
137	-3.5985 -13.6593 17.6052 -2.4927 
138	-3.1273 -7.1121 11.3897 -0.083634 
139	2.4486 -6.3175 7.9632 0.20602 
140	2.6104 8.0081 -0.23592 -1.7608 
141	0.11032 1.9741 -3.3668 -0.65259 
142	-2.6649 -12.813 12.6689 -1.9082 
143	-0.45062 -1.3678 7.0858 -0.40303 
144	3.6702 2.9942 0.85141 0.30688 
145	-1.8584 7.886 -1.6643 -1.8384 
146	3.1452 5.825 -0.51439 -1.4944 
147	1.4378 0.66837 -2.0267 1.0271 
148	2.4012 1.6223 3.0312 0.71679 
149	-2.3797 -1.4402 1.1273 0.16076 
150	-1.7063 2.7956 -2.378 -2.3491 
151	4.3634 0.46351 1.4281 2.0202 
152	-0.7869 9.5663 -3.7867 -7.5034 
153	3.2403 -3.7082 5.2804 0.41291 
154	1.1432 -3.7413 5.5777 -0.63578 
155	4.1665 -0.4449 0.23448 0.27843 
156	-3.3793 -13.7731 17.9274 -2.0323 
157	-1.7064 3.3088 -2.2829 -2.1978 
158	-0.539 -5.167 3.4399 0.052141 
159	-2.3675 -0.43663 1.692 -0.43018 
160	-0.76794 3.4598 -3.4405 -3.4276 
161	0.96414 5.616 2.2138 -0.12501 
162	3.9364 10.5885 -3.725 -4.3133 
163	-1.0941 2.3072 -2.5237 -1.4453 
164	4.1605 11.2196 -3.6136 -4.0819 
165	-6.2003 8.6806 0.0091344 -3.703 
166	1.4276 8.3847 -2.0995 -1.9677 
167	-6.3364 9.2848 0.014275 -6.7844 
168	0.4283 -0.94981 -1.0731 0.3211 
169	-4.4775 -13.0303 17.0834 -3.0345 
170	3.0242 -3.3378 2.5865 -0.54785 
171	0.77765 5.9781 1.1941 -0.3526 
172	3.5912 3.0129 0.72888 0.56421 
173	0.049175 6.1437 1.7828 -0.72113 
174	-5.4901 9.1048 -0.38758 -5.9763 
175	0.58982 7.4266 1.2353 -2.9595 
176	3.7798 -3.3109 2.6491 0.066365 
177	-0.7056 8.7241 2.2215 -4.5965 
178	-1.522 -6.6383 5.7491 -0.10691 
179	-2.8957 -12.0205 11.9149 -2.7552 
180	-2.2623 12.1177 0.28846 -7.7581 
181	-1.2667 2.8183 -2.426 -1.8862 
182	-0.40804 0.54214 -0.52725 0.6586 
183	-2.6864 -0.097265 0.61663 0.061192 
184	2.7365 -5.0325 6.6608 -0.57889 
185	4.616 10.1788 -4.2185 -4.4245 
186	-4.3876 -7.7267 11.9655 -1.4543 
187	-1.3968 -9.6698 9.4652 -0.34872 
188	3.6922 -3.9585 4.3439 1.3517 
189	3.7731 7.2073 -1.6814 -0.94742 
190	-4.2249 6.2699 0.15822 -5.5457 
191	3.7818 -2.8846 2.2558 -0.15734 
192	0.066129 2.4914 -2.9401 -0.62156 
193	-0.55008 2.8659 -1.6488 -2.4319 
194	0.0040545 0.62905 -0.64121 0.75817 
195	3.5152 6.8224 -0.67377 -0.46898 
196	-0.39416 -0.020702 -0.066267 -0.44699 
197	4.1425 -3.6792 3.8281 1.6297 
198	0.25035 9.3262 -3.6873 -6.2543 
199	3.106 9.5414 -4.2536 -4.003 
200	-1.0401 9.3987 0.85998 -5.3336 
201	0.0031201 -4.0061 1.7956 0.91722 
202	1.143 0.83391 5.4552 -0.56984 
203	0.9297 -3.7971 4.6429 -0.2957 
204	-1.8439 -8.6475 7.6796 -0.66682 
205	0.59823 3.5012 -3.9795 -1.7841 
206	5.2012 0.32694 0.17965 1.1797 
207	4.2586 11.2962 -4.0943 -4.3457 
208	-1.1497 1.2954 7.701 0.62627 
209	3.7935 7.9853 -2.5477 -1.872 
210	-2.9786 2.3445 0.52667 -0.40173 
211	-0.8734 1.6533 -2.1964 -0.78061 
212	5.0691 0.21313 0.20278 1.2095 
213	-1.4375 -1.8624 4.026 0.55127 
214	1.941 0.46351 4.6472 1.0879 
215	-1.5228 -6.4789 5.7568 0.87325 
216	-0.62043 0.5587 -0.38587 -0.66423 
217	3.3299 0.91254 1.5806 0.39352 
218	1.3264 1.0326 5.6566 -0.41337 
219	-0.9854 -6.661 5.8245 0.5461 
220	0.3292 -4.4552 4.5718 -0.9888 
221	-1.749 -6.332 6.0987 0.14266 
222	4.1529 -3.9358 2.8633 -0.017686 
223	2.805 0.57732 1.3424 1.2133 
224	-3.6227 3.9958 -0.35845 -3.9047 
225	-1.3946 2.3134 -0.44499 -1.4905 
226	2.0153 0.43661 4.5864 -0.3151 
227	-1.5322 -5.0966 6.6779 0.17498 
228	2.0051 -6.8638 8.132 -0.2401 
229	-3.3884 -8.215 10.3315 0.98187 
230	4.0552 -2.4583 2.2806 1.0323 
231	-2.5373 -6.959 8.8054 1.5289 
232	4.1197 -2.7956 2.0707 0.67412 
233	-1.7589 -6.4624 8.4773 0.31981 
234	-1.7559 11.9459 3.0946 -4.8978 
235	4.2027 0.22761 0.96108 0.97282 
236	-0.72068 -6.7583 5.8408 0.62369 
237	-2.0441 1.2271 0.18564 -1.091 
238	3.7321 -3.884 3.3577 -0.0060486 
239	2.093 8.3061 0.022844 -3.2724 
240	-3.0 -9.1566 9.5766 -0.73018 
241	-0.17296 -1.1816 1.3818 0.7336 
242	-0.95923 -6.7128 4.9857 0.32886 
243	1.3349 6.1189 0.46497 0.49826 
244	-3.8858 -12.8461 12.7957 -3.1353 
245	-5.3857 9.1214 -0.41929 -5.9181 
246	-4.1479 7.1225 -0.083404 -6.4172 
247	0.51947 -3.2633 3.0895 -0.98492 
248	-1.1859 -1.2519 2.2635 0.77239 
249	-2.4941 3.5447 -1.3721 -2.8483 
250	-1.4094 -2.1252 -0.10397 -0.19225 
251	-0.048008 -0.56078 7.7215 0.453 
252	4.1542 7.2756 -2.4766 -1.2099 
253	-5.1661 8.0433 0.044265 -4.4983 
254	4.0948 -2.9674 2.3689 0.75429 
255	-2.341 12.3784 0.70403 -7.5836 
256	0.32924 -4.4552 4.5718 -0.9888 
257	-0.13144 -1.7775 8.3316 0.35214 
258	0.49665 5.527 1.7785 -0.47156 
259	2.3952 9.5083 -3.1783 -3.0086 
260	5.1213 8.5565 -3.3917 -1.5474 
261	-4.8392 6.6755 -0.24278 -6.5775 
262	-0.77995 3.2322 -3.282 -3.1004 
263	2.1616 -6.8804 8.1517 -0.081048 
264	0.81356 9.1566 -2.1492 -4.1814 
265	3.9479 -3.7723 2.883 0.019813 
266	-2.4365 3.6026 -1.4166 -2.8948 
267	-3.6961 -13.6779 17.5795 -2.6181 
268	4.7432 2.1086 0.1368 1.6543 
269	-0.97325 -6.4168 5.6026 1.0323 
270	1.3049 -0.15521 6.4911 -0.75346 
271	0.21084 9.4359 -0.094543 -1.859 
272	1.6799 4.2068 -4.5398 -2.3931 
273	-1.6386 3.3584 -1.7302 -3.5646 
274	2.0597 -0.99326 5.2119 -0.29312 
275	-5.525 6.3258 0.89768 -6.6241 
276	-1.8356 -6.7562 5.0585 -0.55044 
277	0.15423 0.11794 -1.6823 0.59524 
278	-0.63298 -5.1277 4.5624 1.4797 
279	2.4527 2.9653 0.20021 -0.056479 
280	-2.2918 -7.257 7.9597 0.9211 
281	-3.8894 -7.8322 9.8208 0.47498 
282	-2.7723 3.2777 -0.9351 -3.1457 
283	-0.90784 -7.9026 6.7807 0.34179 
284	-4.1244 3.7909 -0.6532 -4.1802 
285	2.4226 -4.5752 5.947 0.21507 
286	-3.8826 4.898 -0.92311 -5.0801 
287	4.5707 7.2094 -3.2794 -1.4944 
288	0.22432 -0.52147 -0.40386 1.2017 
289	-0.75793 2.5349 -3.0464 -1.2629 
290	-1.7697 3.4329 -1.2144 -2.3789 
291	-0.94255 0.039307 -0.24192 0.31593 
292	0.88444 6.5906 0.55837 -0.44182 
293	6.5633 9.8187 -4.4113 -3.2258 
294	-2.902 -7.6563 11.8318 -0.84268 
295	-2.0285 3.8468 -0.63435 -1.175 
296	5.2418 10.5388 -4.1174 -4.2797 
297	0.91315 3.3377 -4.0557 -1.6741 
298	1.0117 0.9022 -2.3506 0.42714 
299	5.3063 5.2684 -2.8904 -0.52716 
300	-4.2932 3.3419 0.77258 -0.99785 
301	2.8261 9.4007 -3.3034 -1.0509 
302	1.5077 1.9596 -3.0584 -0.12243 
303	0.062525 2.9301 -3.5467 -2.6737 
304	-2.1333 1.5685 -0.084261 -1.7453 
305	3.3669 -5.1856 3.6935 -1.1427 
306	-2.0962 -7.1059 6.6188 -0.33708 
307	4.5597 -2.4211 2.6413 1.6168 
308	-1.7599 11.9211 2.6756 -3.3241 
309	1.8238 -6.7748 8.3873 -0.54139 
310	0.75896 0.29176 -1.6506 0.83834 
311	0.53936 3.8944 -4.8166 -4.3418 
312	-4.6765 -5.6636 10.969 -0.33449 
313	-0.60975 -4.002 1.8471 0.6017 
314	-0.51003 -0.23591 0.020273 0.76334 
315	-2.0891 -0.48422 1.704 1.7435 
316	-2.4953 11.1472 1.9353 -3.4638 
317	1.2247 8.7779 -2.2135 -0.80647 
318	4.6499 7.6336 -1.9427 -0.37458 
319	-2.5754 -5.6574 6.103 0.65214 
320	4.0047 0.45937 1.3621 1.6181 
321	0.3798 0.7098 0.7572 -0.4444 
322	5.2032 3.5116 -1.2538 1.0129 
323	-1.5078 -7.3191 7.8981 1.2289 
324	-2.5463 3.1101 -0.83228 -3.0358 
325	2.0193 0.82356 4.6369 1.4202 
326	2.2546 8.0992 -0.24877 -3.2698 
327	-2.2214 -0.23798 0.56008 0.05602 
328	3.2351 9.647 -3.2074 -2.5948 
329	-2.9915 -6.6258 8.6521 1.8198 
330	-1.1193 10.7271 2.0938 -5.6504 
331	3.5127 2.9073 1.0579 0.40774 
332	-2.0897 10.8265 2.3603 -3.4198 
333	1.8993 7.6625 0.15394 -3.1108 
334	-5.0676 -5.1877 10.4266 -0.86725 
335	0.5706 -0.0248 1.2421 -0.5621 
336	0.26517 2.4066 -2.8416 -0.59958 
337	2.8969 0.70768 2.29 1.8663 
338	-1.9966 -9.5001 9.682 -0.12889 
339	2.9543 1.076 0.64577 0.89394 
340	0.88992 2.2638 -3.1046 -0.11855 
341	5.8519 5.3905 -2.4037 -0.061652 
342	-1.6176 1.0926 -0.35502 -0.59958 
343	-5.873 9.1752 -0.27448 -6.0422 
344	3.1896 5.7526 -0.18537 -0.30087 
345	3.866 -2.6383 1.9242 0.10645 
346	1.2746 8.8172 -1.5323 -1.7957 
347	-0.36279 8.2895 -1.9213 -3.3332 
348	2.6718 5.6574 0.72974 -1.4892 
349	5.4188 10.1457 -4.084 -3.6991 
350	-0.12196 8.8068 0.94566 -4.2267 
351	0.33111 4.5731 2.057 -0.18967 
352	3.7635 2.7811 0.66119 0.34179 
353	-1.3931 1.5664 7.5382 0.78403 
354	-1.3612 10.694 1.7022 -2.9026 
355	3.583 -3.7971 3.4391 -0.12501 
356	-2.1234 1.1815 -0.55552 -0.81165 
357	-4.0679 2.4955 0.79571 -1.1039 
358	-0.39816 5.9781 1.3912 -1.1621 
359	2.6799 3.1349 0.34073 0.58489 
360	-4.2887 -7.8633 11.8387 -1.8978 
361	0.3798 0.7098 0.7572 -0.4444 
362	-2.7143 11.4535 2.1092 -3.9629 
363	0.17346 7.8695 0.26876 -3.7883 
364	4.3846 -4.8794 3.3662 -0.029324 
365	0.89606 10.5471 -1.4175 -4.0327 
366	5.6272 10.0857 -4.2931 -3.8142 
367	-1.6244 -6.3444 4.6575 0.16981 
368	-2.8829 3.8964 -0.1888 -1.1672 
369	0.3434 0.12415 -0.28733 0.14654 
370	-2.659 -1.6058 1.3647 0.16464 
371	3.5288 0.71596 1.9507 1.9375 
372	0.26637 0.73252 -0.67891 0.03533 
373	0.88298 0.66009 6.0096 -0.43277 
374	-0.88728 2.808 -3.1432 -1.2035 
375	-1.8411 10.8306 2.769 -3.0901 
376	-0.24037 -1.7837 2.135 1.2418 
377	3.534 9.3614 -3.6316 -1.2461 
378	-2.799 1.9679 -0.42357 -2.1125 
379	4.2134 -2.806 2.0116 0.67412 
380	3.4465 2.9508 1.0271 0.5461 
381	5.0214 8.0764 -3.0515 -1.7155 
382	4.052 -0.16555 0.45383 0.51248 
383	1.8664 7.7763 -0.23849 -2.9634 
384	2.0139 6.1416 0.37929 0.56938 
385	2.1059 7.6046 -0.47755 -1.8461 
386	-2.3142 -0.68494 1.9833 -0.44829 
387	0.37637 -0.82358 0.78543 0.74524 
388	1.5478 9.1814 -1.6326 -1.7375 
389	-2.2501 3.3129 -0.88369 -2.8974 
390	-1.1804 11.5093 0.15565 -6.8194 
391	-1.803 11.8818 2.0458 -5.2728 
392	-1.2792 2.1376 -0.47584 -1.3974 
393	3.9663 10.1684 -4.1131 -4.6056 
394	-5.0477 -5.8023 11.244 -0.3901 
395	4.8077 2.2327 -0.26334 1.5534 
396	0.50225 0.65388 -1.1793 0.39998 
397	2.3718 7.4908 0.015989 -1.7414 
398	5.0297 -4.9704 3.5025 -0.23751 
399	-3.1423 -13.0365 15.6773 -0.66165 
400	2.2893 3.733 0.6312 -0.39786 
401	-3.0201 -0.67253 2.7056 0.85774 
402	-1.9555 0.20692 1.2473 -0.3707 
403	2.9736 8.7944 -3.6359 -1.3754 
404	0.4339 5.5395 2.033 -0.40432 
405	1.7939 -1.1174 1.5454 -0.26079 
406	3.2585 -4.4614 3.8024 -0.15087 
407	4.9342 2.4107 -0.17594 1.6245 
408	-5.4808 8.1819 0.27818 -5.0323 
409	0.27451 9.2186 -3.2863 -4.8448 
410	3.8027 0.81529 2.1041 1.0245 
411	-2.0662 0.16967 -1.0054 -0.82975 
412	-2.1674 0.12415 -1.0465 -0.86208 
413	5.0185 8.5978 -2.9375 -1.281 
414	-2.3221 -9.3304 9.233 -0.79871 
415	-6.5084 8.7696 0.23191 -3.937 
416	2.9571 -4.5938 5.9068 0.57196 
417	2.0177 1.7982 -2.9581 0.2099 
418	2.1752 -0.8091 5.1022 -0.67975 
419	5.086 3.2798 -1.2701 1.1189 
420	3.4669 6.87 -1.0568 -0.73147 
421	0.60731 3.9544 -4.772 -4.4853 
422	3.6894 9.887 -4.0788 -4.3664 
423	4.2188 6.8162 -1.2804 0.76076 
424	3.5251 0.7201 1.6928 0.64438 
425	-1.3 10.2678 -2.953 -5.8638 
426	2.3136 10.6651 -3.5288 -4.7672 
427	3.4667 -4.0724 4.2882 1.5418 
428	1.8592 3.2074 -0.15966 -0.26208 
429	3.7831 10.0526 -3.8869 -3.7366 
430	3.1088 3.1122 0.80857 0.4336 
431	-1.7101 -8.7903 7.9735 -0.45475 
432	2.0962 2.4769 1.9379 -0.040962 
433	5.807 5.0097 -2.2384 0.43878 
434	3.3951 1.1484 2.1401 2.0862 
435	-0.89809 -4.4862 2.2009 0.50731 
436	-4.7462 3.1205 1.075 -1.2966 
437	-0.38214 8.3909 2.1624 -3.7405 
438	-0.70867 -5.5602 4.0483 0.903 
439	-0.49948 1.7734 -2.2469 -0.68104 
440	-1.366 0.18416 0.90539 1.5806 
441	-0.55355 -7.9233 6.7156 0.74394 
442	3.8023 -3.8696 4.044 0.95343 
443	4.2969 7.617 -2.3874 -0.96164 
444	2.2504 3.5757 0.35273 0.2836 
445	-0.52645 -0.24832 -0.45613 0.41938 
446	3.5358 6.7086 -0.81857 0.47886 
447	-4.0218 -8.304 12.555 -1.5099 
448	0.040498 8.5234 1.4461 -3.9306 
449	-2.5084 -0.22763 1.488 1.2069 
450	1.3087 4.9228 2.0013 0.22024 
451	2.4391 6.4417 -0.80743 -0.69139 
452	2.9233 6.0464 -0.11168 -0.58665 
453	-3.5713 -12.4922 14.8881 -0.47027 
454	1.9265 7.7557 -0.16823 -3.0771 
455	1.0607 2.4542 2.5188 -0.17027 
456	1.3566 4.2358 2.1341 0.3211 
457	0.0096613 3.5612 -4.407 -4.4103 
458	2.7961 2.121 1.8385 0.38317 
459	-4.5046 -5.8126 10.8867 -0.52846 
460	-5.2406 6.6258 -0.19908 -6.8607 
461	-3.8073 -8.0971 10.1772 0.65084 
462	1.4896 3.4288 -4.0309 -1.4259 
463	-0.16682 5.8974 0.49839 -0.70044 
464	2.2091 7.4556 -1.3284 -3.3021 
465	1.105 7.4432 0.41099 -3.0332 
466	-0.12624 10.3216 -3.7121 -6.1185 
467	1.8216 -6.4748 8.0514 -0.41855 
468	-0.91718 9.9884 1.1804 -5.2263 
469	-1.6662 -0.30005 1.4238 0.024986 
470	-6.1536 7.9295 0.61663 -3.2646 
471	-1.8391 -9.0883 9.2416 -0.10432 
472	0.16358 -3.3584 1.3749 1.3569 
473	-3.0265 -0.062088 0.68604 -0.055186 
474	-0.74324 -0.32902 -0.42785 0.23317 
475	-5.8818 7.6584 0.5558 -2.9155 
476	0.55939 -0.3104 0.18307 0.44653 
477	-1.1313 1.9037 7.5339 1.022 
478	2.108 6.7955 -0.1708 0.4905 
479	-0.49281 3.0605 -1.8356 -2.834 
480	-3.6085 3.3253 -0.51954 -3.5737 
481	2.486 -0.99533 5.3404 -0.15475 
482	-2.4725 -0.40145 1.4855 1.1189 
483	-3.1366 0.42212 2.6225 -0.064238 
484	5.1776 8.2316 -3.2511 -1.5694 
485	-2.0529 3.8385 -0.79544 -1.2138 
486	4.3848 -3.0729 3.0423 1.2741 
487	2.7744 6.8576 -1.0671 0.075416 
488	0.20977 -0.46146 7.7267 0.90946 
489	0.52855 0.96427 4.0243 -1.0483 
490	-2.2173 1.4671 -0.72689 -1.1724 
491	1.9818 9.2621 -3.521 -1.872 
492	-1.0744 -6.3113 5.355 0.80472 
493	-2.5912 -0.10554 1.2798 1.0414 
494	-1.5055 0.070346 6.8681 -0.50648 
495	0.74521 3.6357 -4.4044 -4.1414 
496	0.88872 5.3449 2.045 -0.19355 
497	-1.8348 11.0334 3.1863 -4.8888 
498	0.77124 9.0862 -1.2281 -1.4996 
499	2.5089 6.841 -0.029423 0.44912 
500	-2.1652 3.0211 -2.4132 -2.4241 
501	-1.5951 -6.572 4.7689 -0.94354 
502	5.7867 7.8902 -2.6196 -0.48708 
503	0.33325 3.3108 -4.5081 -4.012 
504	-2.5899 -0.3911 0.93452 0.42972 
505	1.4884 3.6274 3.308 0.48921 
506	-1.8215 2.7521 -0.72261 -2.353 
507	4.0127 10.1477 -3.9366 -4.0728 
508	-6.0598 9.2952 -0.43642 -6.3694 
509	-4.0025 -13.4979 17.6772 -3.3202 
510	-3.9297 -6.0816 10.0958 -1.0147 
511	4.0632 3.584 0.72545 0.39481 
512	-2.0754 1.2767 -0.64206 -1.2642 
513	2.549 6.1499 -1.1605 -1.2371 
514	2.0007 1.8644 2.6491 0.47369 
515	0.96574 8.393 -1.361 -1.4659 
516	0.74428 -3.7723 1.6131 1.5754 
517	1.2138 8.7986 -2.1672 -0.74182 
518	-0.53966 7.3273 0.46583 -1.4543 
519	0.86816 10.2429 -1.4912 -4.0082 
520	3.757 -5.4236 3.8255 -1.2526 
521	3.1887 -3.4143 2.7742 -0.2026 
522	1.0637 3.6957 -4.1594 -1.9379 
523	1.3562 3.2136 4.3465 0.78662 
524	0.64215 3.1287 4.2933 0.64696 
525	-1.9725 2.8825 -2.3086 -2.3724 
526	2.483 6.6155 -0.79287 -0.90863 
527	0.6005 0.99945 -2.2126 0.097399 
528	0.74067 1.7299 -3.1963 -0.1457 
529	-2.9662 -10.3257 8.784 -2.1138 
530	-2.6286 0.18002 1.7956 0.97282 
531	3.1557 2.8908 0.59693 0.79825 
532	0.90407 3.3708 -4.4987 -3.6965 
533	-1.2568 -1.4733 2.8718 0.44653 
534	0.12326 8.9848 -0.9351 -2.4332 
535	4.8906 -3.3584 3.4202 1.0905 
536	-2.0066 -6.719 9.0162 0.099985 
537	2.1265 6.8783 0.44784 -2.2224 
538	0.83625 1.1071 -2.4706 -0.062945 
539	1.1558 6.4003 1.5506 0.6961 
540	5.4944 1.5478 0.041694 1.9284 
541	3.3756 -4.0951 4.367 1.0698 
542	4.068 -2.9363 2.1992 0.50084 
543	3.359 9.8022 -3.8209 -3.7133 
544	-0.16108 -6.4624 8.3573 -1.5216 
545	-1.7976 -6.7686 6.6753 0.89912 
546	2.2517 -5.1422 4.2916 -1.2487 
547	1.8384 6.063 0.54723 0.51248 
548	1.6849 8.7489 -1.2641 -1.3858 
549	-2.4835 -7.4494 6.8964 -0.64484 
550	-1.8387 -6.301 5.6506 0.19567 
551	-1.9177 11.6894 2.5454 -3.2763 
552	2.0421 1.2436 4.2171 0.90429 
553	-4.2091 4.7283 -0.49126 -5.2159 
554	-1.4781 0.14277 -1.1622 -0.48579 
555	-1.7713 -10.7665 10.2184 -1.0043 
556	2.2634 -4.4862 3.6558 -0.61251 
557	1.9429 6.3961 0.092248 0.58102 
558	-2.7419 11.4038 2.5394 -5.5793 
559	3.4776 8.811 -3.1886 -0.92285 
560	-2.7028 1.6327 0.83598 -0.091393 
561	5.7353 5.2808 -2.2598 0.075416 
562	1.8114 7.6067 -0.9788 -2.4668 
563	-2.286 -5.4484 5.8039 0.88231 
564	3.82 10.9279 -4.0112 -5.0284 
565	-0.65767 -2.8018 3.7115 0.99739 
566	-1.7263 -6.0237 5.2419 0.29524 
567	-0.77461 -1.8768 2.4023 1.1319 
568	0.5195 -3.2633 3.0895 -0.9849 
569	2.4196 6.4665 -0.75688 0.228 
570	-0.30432 2.6528 -2.7756 -0.65647 
571	-1.6641 -1.3678 1.997 0.52283 
572	0.81583 4.84 -5.2613 -6.0823 
573	-0.70346 2.957 -3.5947 -3.1457 
574	-1.5252 -6.2534 5.3524 0.59912 
575	5.032 8.2026 -2.6256 -1.0341 
576	-2.4604 12.7302 0.91738 -7.6418 
577	3.1377 -4.1096 4.5701 0.98963 
578	3.4626 -4.449 3.5427 0.15429 
579	0.3292 -4.4552 4.5718 -0.9888 
580	0.1848 6.5079 2.0133 -0.87242 
581	-1.5851 -2.1562 1.7082 0.9017 
582	1.0182 9.109 -0.62064 -1.7129 
583	-2.3277 1.4381 -0.82114 -1.2862 
584	-3.7747 2.5162 0.83341 -0.30993 
585	5.3586 3.7557 -1.7345 1.0789 
586	-3.9411 -12.8792 13.0597 -3.3125 
587	0.57461 10.1105 -1.6917 -4.3922 
588	4.1711 8.722 -3.0224 -0.59699 
589	2.5331 2.9135 -0.822 -0.12243 
590	0.29961 7.1328 -0.31475 -1.1828 
591	-0.83121 0.039307 0.05369 -0.23105 
592	-2.5419 -0.65804 2.6842 1.1952 
593	3.8846 -3.0336 2.5334 0.20214 
594	4.6765 -3.3895 3.4896 1.4771 
595	-3.8552 3.5219 -0.38415 -3.8608 
596	-1.4233 -0.98912 2.3586 0.39481 
597	4.0405 0.51524 1.0279 1.106 
598	3.0672 -4.4117 3.8238 -0.81682 
599	-0.3489 3.1929 -3.4054 -3.1832 
600	4.4682 2.2907 0.95766 0.83058 
601	4.3365 -3.584 3.6884 0.74912 
602	4.1195 10.9258 -3.8929 -4.1802 
603	2.5328 7.528 -0.41929 -2.6478 
604	3.744 0.79459 0.95851 1.0077 
605	-1.8554 -9.6035 7.7764 -0.97716 
606	3.245 6.63 -0.63435 0.86937 
607	1.594 4.7055 1.3758 0.081882 
608	4.0932 5.4132 -1.8219 0.23576 
609	-2.565 -5.7899 6.0122 0.046968 
610	0.025013 3.3998 -4.4327 -4.2655 
611	2.1943 4.5503 -4.976 -2.7254 
612	1.7317 -0.34765 4.1905 -0.99138 
613	3.7522 -3.6978 3.9943 1.3051 
614	1.162 10.2926 -1.2821 -4.0392 
615	5.4021 3.1039 -1.1536 1.5651 
616	2.3925 9.798 -3.0361 -2.8224 
617	-0.23356 3.2405 -3.0669 -2.7784 
618	-0.9607 2.6963 -3.1226 -1.3121 
619	-0.89569 3.0025 -3.6067 -3.4457 
620	-0.83535 0.80494 -1.6411 -0.19225 
621	2.3917 4.5565 -4.9888 -2.8987 
622	3.9414 -3.2902 3.1674 1.0866 
623	1.7748 -0.76978 5.5854 1.3039 
624	3.2294 7.7391 -0.37816 -2.5405 
625	2.614 8.0081 -3.7258 -1.3069 
626	0.63655 5.2022 -5.2159 -6.1211 
627	3.2422 6.2265 0.12224 -1.4466 
628	-0.59587 2.4811 -2.8673 -0.89828 
629	4.2458 1.1981 0.66633 0.94696 
630	-0.7351 1.7361 -1.4938 -1.1582 
631	-1.9881 0.99945 -0.28562 -0.70044 
632	-1.4377 -1.432 2.1144 0.42067 
633	2.0922 -6.81 8.4636 -0.60216 
634	0.030219 -1.0512 1.4024 0.77369 
635	-3.3582 -7.2404 11.4419 -0.57113 
636	4.8451 8.1116 -2.9512 -1.4724 
637	1.762 4.3682 2.1384 0.75429 
638	1.9647 6.9383 0.57722 0.66377 
639	3.8244 -3.1081 2.4537 0.52024 
640	3.9232 -3.2467 3.4579 0.83705 
641	0.24394 1.4733 -1.4192 -0.58535 
642	2.0165 -0.25246 5.1707 1.0763 
643	-1.4454 -8.4385 8.8483 0.96894 
644	-2.3242 11.5176 1.8231 -5.375 
645	1.3114 4.5462 2.2935 0.22541 
646	-0.78289 11.3603 -0.37644 -7.0495 
647	1.7425 3.6833 -4.0129 -1.7207 
648	-3.2854 4.0372 -0.45356 -1.8228 
649	3.9899 -2.7066 2.3946 0.86291 
650	0.72252 -0.053811 5.6703 -1.3509 
651	3.4769 -0.15314 2.53 2.4495 
652	-0.69879 -3.3771 4.1211 1.5043 
653	4.4069 10.9072 -4.5775 -4.4271 
654	0.33565 6.8369 0.69718 -0.55691 
655	3.6582 5.6864 -1.7157 -0.23751 
656	0.6818 4.8504 -5.2133 -6.1043 
657	-2.6479 10.1374 -1.331 -5.4707 
658	2.8237 2.8597 0.19678 0.57196 
659	-1.6677 -7.1535 7.8929 0.96765 
660	-2.2083 -9.1069 8.9991 -0.28406 
661	-0.023579 7.1742 0.78457 -0.75734 
662	-1.3887 -4.8773 6.4774 0.34179 
663	4.65 -4.8297 3.4553 -0.25174 
664	2.8033 9.0862 -3.3668 -1.0224 
665	2.8209 7.3108 -0.81857 -1.8784 
666	3.8384 6.1851 -2.0439 -0.033204 
667	3.1219 -3.137 1.9259 -0.37458 
668	-2.2677 3.2964 -2.2563 -2.4642 
669	-1.7279 -6.841 8.9494 0.68058 
670	-0.3481 -0.38696 -0.47841 0.62627 
671	-3.3604 -0.32696 2.1324 0.6017 
672	-3.2778 1.8023 0.1805 -2.3931 
673	3.7791 2.5762 1.3098 0.5655 
674	5.2868 3.257 -1.3721 1.1668 
675	-3.5933 0.22968 0.7126 -0.3332 
676	0.39012 -0.14279 -0.031994 0.35084 
677	-3.8483 -12.8047 15.6824 -1.281 
678	2.8672 10.0008 -3.2049 -3.1095 
679	-2.7914 1.7734 6.7756 -0.39915 
680	0.96708 3.8426 -4.9314 -4.1323 
681	0.5415 6.0319 1.6825 -0.46122 
682	3.5438 1.2395 1.997 2.1547 
683	0.38478 6.5989 -0.3336 -0.56466 
684	-0.61442 -0.091058 -0.31818 0.50214 
685	4.3435 3.3295 0.83598 0.64955 
686	-1.1188 3.3357 -1.3455 -1.9573 
687	4.4338 9.887 -4.6795 -3.7483 
688	-6.651 6.7934 0.68604 -7.5887 
689	2.4008 9.3593 -3.3565 -3.3526 
690	6.8248 5.2187 -2.5425 0.5461 
691	5.7823 5.5788 -2.4089 -0.056479 
692	0.74054 0.36625 2.1992 0.48403 
693	-2.9138 -9.4711 9.7668 -0.60216 
694	2.9695 5.6222 0.27561 -1.1556 
695	-2.456 -0.24418 1.4041 -0.45863 
696	1.581 0.86909 -2.3138 0.82412 
697	-2.1059 1.1815 -0.53324 -0.82716 
698	-4.2333 4.9166 -0.49212 -5.3207 
699	0.66018 10.3878 -1.4029 -3.9151 
700	-3.2051 -0.14279 0.97565 0.045675 
701	-0.27802 8.1881 -3.1338 -2.5276 
702	3.3583 10.3567 -3.7301 -3.6991 
703	-1.6162 0.80908 8.1628 0.60817 
704	0.01727 8.693 1.3989 -3.9668 
705	1.1811 8.3847 -2.0567 -0.90345 
706	-1.3274 9.498 2.4408 -5.2689 
707	-6.9599 8.9931 0.2182 -4.572 
708	-3.3203 -0.02691 2.9618 -0.44958 
709	-0.64472 -4.6062 8.347 -2.7099 
710	-1.2537 10.8803 1.931 -4.3237 
711	5.504 10.3671 -4.413 -4.0211 
712	5.7227 5.8312 -2.4097 -0.24527 
713	-2.588 3.8654 -0.3336 -1.2797 
714	3.4092 5.4049 -2.5228 -0.89958 
715	1.8205 6.7562 0.0099913 0.39481 
716	2.5068 1.1588 3.9249 0.12585 
717	-0.24811 -0.17797 4.9068 0.15429 
718	-6.7387 6.9879 0.67833 -7.5887 
719	4.7926 1.7071 -0.051701 1.4926 
720	2.2034 5.9947 0.53009 0.84998 
721	-3.8053 2.4273 0.6809 -1.0871 
722	1.5904 2.2121 -3.1183 -0.11725 
723	-1.2244 1.7485 -1.4801 -1.4181 
724	-1.4446 2.1438 -0.47241 -1.6677 
725	-0.37013 -5.554 4.7749 1.547 
726	-2.5961 -9.349 9.7942 -0.28018 
727	2.1526 -6.1665 8.0831 -0.34355 
728	-2.1668 1.5933 0.045122 -1.678 
729	3.7022 6.9942 -1.8511 -0.12889 
730	-1.2786 -2.4087 4.5735 0.47627 
731	3.4359 0.66216 2.1041 1.8922 
732	0.11686 3.735 -4.4379 -4.3741 
733	-2.2261 12.5398 2.9438 -3.5258 
734	1.2309 3.8923 -4.8277 -4.0069 
735	-4.7331 -6.1789 11.388 -1.0741 
736	4.2164 9.4607 -4.9288 -5.2366 
737	1.645 7.8612 -0.87598 -3.5569 
738	3.7982 10.423 -4.1602 -4.9728 
739	-0.71868 -5.7154 3.8298 1.0233 
740	-5.4414 7.2363 0.10938 -7.5642 
741	3.2414 0.40971 1.4015 1.1952 
742	-2.2183 -1.254 2.9986 0.36378 
743	-0.40857 3.0977 -2.9607 -2.6892 
744	4.1757 10.2615 -3.8552 -4.3056 
745	0.24261 0.57318 -1.9402 0.44007 
746	-0.28696 3.1784 -3.5767 -3.1896 
747	-1.4174 -2.2535 1.518 0.61981 
748	4.9249 0.68906 0.77344 1.2095 
749	2.5635 6.7769 -0.61979 0.38576 
750	-0.62684 -6.301 4.7843 1.106 
751	-2.5346 -0.77392 3.3602 0.00171 
752	0.44125 2.9487 4.3225 0.7155 
753	-1.9922 11.6542 2.6542 -5.2107 
754	-2.5919 -1.0553 3.8949 0.77757 
755	2.1464 6.0795 -0.5778 -2.2302 
756	3.0632 -3.3315 5.1305 0.8267 
757	-3.7181 -8.5089 12.363 -0.95518 
758	3.0948 8.7324 -2.9007 -0.96682 
759	3.3848 3.2674 0.90967 0.25128 
760	1.5456 8.5482 0.4187 -2.1784 
761	-0.014902 -1.0243 -0.94024 0.64955 
762	4.1962 0.74493 0.83256 0.753 
763	1.9157 6.0816 0.23705 -2.0116 
764	0.80355 2.8473 4.3439 0.6017 
765	1.4578 -0.08485 4.1785 0.59136 
766	4.5447 8.2274 -2.4166 -1.5875 
767	0.74307 11.17 -1.3824 -4.0728 
768	-1.4217 11.6542 -0.057699 -7.1025 
769	1.518 5.6946 0.094818 -0.026738 
770	0.24835 7.6439 0.9885 -0.87371 
771	1.2999 2.5762 2.0107 -0.18967 
772	0.95626 2.4728 4.4578 0.21636 
773	2.5817 9.7546 -3.1749 -2.9957 
774	-1.8782 -6.5865 4.8486 -0.021566 
775	3.8999 1.734 1.6011 0.96765 
776	1.6408 4.2503 -4.9023 -2.6621 
777	-0.8172 3.3812 -3.6684 -3.456 
778	3.4642 10.6878 -3.4071 -4.109 
779	2.0153 1.8479 3.1375 0.42843 
780	1.5268 -5.5871 8.6564 -1.722 
781	-1.8219 -6.8824 5.4681 0.057313 
782	2.8084 11.3045 -3.3394 -4.4194 
783	0.30081 0.17381 -1.7542 0.48921 
784	-1.1391 1.8127 6.9144 0.70127 
785	4.5691 -4.4552 3.1769 0.0042961 
786	3.6216 8.6661 -2.8073 -0.44699 
787	1.0235 6.901 -2.0062 -2.7125 
788	3.5458 9.3718 -4.0351 -3.9564 
789	0.96788 7.1907 1.2798 -2.4565 
790	-1.3907 -1.3781 2.3055 -0.021566 
791	1.1644 3.8095 -4.9408 -4.0909 
792	1.0284 9.767 -1.3687 -1.7853 
793	-1.7104 -4.778 6.2109 0.3974 
794	3.9994 0.90427 1.1693 1.6892 
795	-1.5732 1.0636 -0.71232 -0.8388 
796	-3.0731 -0.53181 2.3877 0.77627 
797	-2.8267 -9.0407 9.0694 -0.98233 
798	0.9297 -3.7971 4.6429 -0.2957 
799	1.9358 8.1654 -0.023425 -2.2586 
800	0.66191 9.6594 -0.28819 -1.6638 
801	-1.6514 -8.4985 9.1122 1.2379 
802	1.7819 6.9176 -1.2744 -1.5759 
803	-3.0799 0.60836 2.7039 -0.23751 
804	-3.3924 3.3564 -0.72004 -3.5233 
805	-1.0555 0.79459 -1.6968 -0.46768 
806	4.2899 9.1814 -4.6067 -4.3263 
807	0.5706 -0.0248 1.2421 -0.5621 
808	-1.786 -8.1157 7.0858 -1.2112 
809	-3.3125 0.10139 0.55323 -0.2957 
810	-3.9698 3.6812 -0.60008 -4.0133 
811	2.2928 9.0386 -3.2417 -1.2991 
812	-1.7549 -0.080711 -0.75774 -0.3707 
813	3.4893 6.69 -1.2042 -0.38751 
814	-1.9389 1.5706 0.045979 -1.122 
815	-0.21661 8.0329 1.8848 -3.8853 
816	-4.6338 -12.7509 16.7166 -3.2168 
817	2.3164 -2.628 3.1529 -0.08622 
818	3.0329 2.2948 2.1135 0.35084 
819	-2.5701 -6.8452 8.9999 2.1353 
820	2.5989 3.5178 0.7623 0.81119 
821	-4.8426 -4.9932 10.4052 -0.53104 
822	-4.5531 -12.5854 15.4417 -1.4983 
823	3.9294 1.4112 1.8076 0.89782 
824	-1.1022 -5.8395 4.5641 0.68705 
825	-5.0301 7.5032 -0.13396 -7.5034 
826	3.482 -4.1634 3.5008 -0.078462 
827	1.2572 4.8731 -5.2861 -5.8741 
828	-3.0061 -12.2377 11.9552 -2.1603 
829	-3.6012 -6.5389 10.5234 -0.48967 
830	1.4507 8.7903 -2.2324 -0.65259 
831	3.8481 10.1539 -3.8561 -4.2228 
832	4.7072 8.2957 -2.5605 -1.4905 
833	1.6988 2.9094 2.9044 0.11033 
834	0.67886 4.1199 -4.569 -4.1414 
835	1.9572 -5.1153 8.6127 -1.4297 
836	-2.41 3.7433 -0.40215 -1.2953 
837	-2.62 -6.8555 6.2169 -0.62285 
838	0.2346 -4.5152 2.1195 1.4448 
839	-4.9447 3.3005 1.063 -1.444 
840	-0.89409 3.1991 -1.8219 -2.9452 
841	1.2706 8.035 -0.19651 -2.1888 
842	4.364 -3.1039 2.3757 0.78532 
843	4.223 1.1319 0.72202 0.96118 
844	-0.11716 0.60422 -0.38587 -0.059065 
845	-1.4275 11.8797 0.41613 -6.9978 
846	0.21431 -0.69529 0.87711 0.29653 
847	-0.048008 -1.6037 8.4756 0.75558 
848	-1.8584 7.886 -1.6643 -1.8384 
849	-1.6706 -2.09 1.584 0.71162 
850	2.994 7.2011 -1.2153 0.3211 
851	0.87256 9.2931 -0.7843 -2.1978 
852	-2.484 12.1611 2.8204 -3.7418 
853	3.5862 -3.0957 2.8093 0.24481 
854	-3.793 -12.7095 12.7957 -2.825 
855	0.52374 3.644 -4.0746 -1.9909 
856	1.6472 0.48213 4.7449 1.225 
857	0.23874 2.0879 -3.3522 -0.66553 
858	3.8496 9.7939 -4.1508 -4.4582 
859	4.1038 -4.8069 3.3491 -0.49225 
860	1.6349 3.286 2.8753 0.087054 
861	3.5499 8.6165 -3.2794 -1.2009 
862	2.5605 9.2683 -3.5913 -1.356 
863	3.8962 -4.7904 3.3954 -0.53751 
864	5.9374 6.1664 -2.5905 -0.36553 
865	2.4235 9.5332 -3.0789 -2.7746 
866	-2.6406 -4.4159 5.983 -0.13924 
867	-1.8584 7.886 -1.6643 -1.8384 
868	4.0329 0.23175 0.89082 1.1823 
869	3.5829 1.4423 1.0219 1.4008 
870	-3.2238 2.7935 0.32274 -0.86078 
871	3.931 1.8541 -0.023425 1.2314 
872	-2.2617 -4.7428 6.3489 0.11162 
873	4.5459 8.1674 -2.4586 -1.4621 
874	1.6032 -4.7863 8.5193 -2.1203 
875	-0.77688 0.13036 -0.031137 -0.35389 
876	-4.4861 -13.2889 17.3087 -3.2194 
877	-2.234 -7.0314 7.4936 0.61334 
878	-0.41965 2.9094 -1.7859 -2.2069 
879	3.0333 -2.5928 2.3183 0.303 
880	2.6606 3.1681 1.9619 0.18662 
881	4.3684 9.6718 -3.9606 -3.1625 
882	-1.8448 1.254 0.27218 -1.0728 
883	0.6212 3.6771 -4.0771 -2.0711 
884	-3.9204 4.0723 -0.23678 -2.1151 
885	-0.89542 2.0279 -2.3652 -1.2746 
886	0.64376 3.764 -4.4738 -4.0483 
887	0.56953 7.6294 1.5754 -3.2233 
888	2.7213 7.05 -0.58808 0.41809 
889	-2.7338 0.45523 2.4391 0.21766 
890	-4.577 3.4515 0.66719 -0.94742 
891	-0.2062 9.2207 -3.7044 -6.8103 
892	3.2032 5.7588 -0.75345 -0.61251 
893	-0.96511 9.4111 1.7305 -4.8629 
894	2.3678 -6.839 8.4207 -0.44829 
895	4.0713 10.4023 -4.1722 -4.7582 
896	3.577 2.4004 1.8908 0.73231 
897	-0.11783 -1.5789 8.03 -0.028031 
898	-3.5637 -8.3827 12.393 -1.2823 
899	0.64295 7.1018 0.3493 -0.41337 
900	0.518 0.25865 -0.84085 0.96118 
901	-0.41645 0.32487 -0.33617 -0.36036 
902	5.0452 3.8964 -1.4304 0.86291 
903	-6.1632 8.7096 -0.21621 -3.6345 
904	-1.3971 3.3191 -1.3927 -1.9948 
905	-2.8833 1.7713 0.68946 -0.4638 
906	1.3518 1.0595 -2.3437 0.39998 
907	-3.3458 -0.50491 2.6328 0.53705 
908	-2.2527 11.5321 2.5899 -3.2737 
909	-0.092194 0.39315 -0.32846 -0.13794 
910	2.0466 2.03 2.1761 -0.083634 
911	-5.2049 7.259 0.070827 -7.3004 
912	0.54777 10.3754 -1.5435 -4.1633 
913	-5.1216 -5.3118 10.3846 -1.0612 
914	5.7403 -0.44284 0.38015 1.3763 
915	0.7049 0.17174 -1.7859 0.36119 
916	-2.4198 -0.24418 0.70146 0.41809 
917	0.25943 5.0097 -5.0394 -6.3862 
918	5.3915 9.9946 -3.8081 -3.3642 
919	3.2704 6.9321 -1.0456 0.23447 
920	-3.5801 -12.9309 13.1779 -2.5677 
921	-3.9172 2.6652 0.78886 -0.7819 
922	3.8213 0.23175 2.0133 2.0564 
923	0.3798 0.7098 0.7572 -0.4444 
924	0.40614 1.3492 -1.4501 -0.55949 
925	-2.9498 -8.273 10.2646 1.1629 
926	-3.0193 1.7775 0.73745 -0.45346 
927	-2.8619 4.5193 -0.58123 -4.2629 
928	4.0446 11.1741 -4.3582 -4.7401 
929	0.0071249 8.3661 0.50781 -3.8155 
930	-1.2846 3.2715 -1.7671 -3.2608 
931	4.3239 -4.8835 3.4356 -0.5776 
932	5.2756 0.13863 0.12138 1.1435 
933	3.8832 6.4023 -2.432 -0.98363 
934	2.2429 -4.1427 5.2333 -0.40173 
935	-1.9551 -6.9756 5.5383 -0.12889 
936	-3.2692 -12.7406 15.5573 -0.14182 
937	4.2756 -2.6528 2.1375 0.94437 
938	1.5514 3.8013 -4.9143 -3.7483 
939	0.65497 5.1815 1.0673 -0.42113 
940	-3.0866 -6.6362 10.5405 -0.89182 
941	-4.4996 3.4288 0.56265 -1.1672 
942	-1.005 0.084831 -0.2462 0.45688 
943	2.3729 10.4726 -3.0087 -3.2013 
944	-1.4572 9.1214 1.7425 -5.1241 
945	0.46901 -0.63321 7.3848 0.36507 
946	0.56232 1.0015 -2.2726 -0.0060486 
947	-2.2482 3.0915 -2.3969 -2.6711 
948	3.9121 2.9735 0.92852 0.60558 
949	-2.258 -9.3263 9.3727 -0.85949 
950	-0.78689 9.5663 -3.7867 -7.5034 
951	3.1541 -5.1711 6.5991 0.57455 
952	3.9433 2.5017 1.5215 0.903 
953	-0.2361 9.3221 2.1307 -4.3793 
954	3.9262 6.0299 -2.0156 -0.065531 
955	-1.3995 -1.9162 2.5154 0.59912 
956	3.4985 3.1639 0.22677 -0.1651 
957	3.9102 6.065 -2.4534 -0.68234 
958	-2.4115 -9.1359 9.3444 -0.65259 
959	-0.77848 3.4019 -3.4859 -3.5569 
960	-2.1786 -6.4479 6.0344 -0.20777 
;
