##############################################################
##					Mathematical Optimization				##
## 					J.P Zaldivar & E. Millán				##
##############################################################

param m := 1000;
param n := 4;
param nu := 0.9;

param y :=
1	1.0
2	-1.0
3	1.0
4	1.0
5	1.0
6	-1.0
7	-1.0
8	-1.0
9	-1.0
10	-1.0
11	1.0
12	-1.0
13	1.0
14	1.0
15	-1.0
16	1.0
17	-1.0
18	-1.0
19	1.0
20	-1.0
21	-1.0
22	-1.0
23	-1.0
24	-1.0
25	-1.0
26	1.0
27	1.0
28	-1.0
29	1.0
30	-1.0
31	-1.0
32	1.0
33	1.0
34	-1.0
35	-1.0
36	-1.0
37	-1.0
38	1.0
39	1.0
40	-1.0
41	-1.0
42	-1.0
43	-1.0
44	1.0
45	1.0
46	1.0
47	1.0
48	1.0
49	1.0
50	1.0
51	1.0
52	-1.0
53	1.0
54	1.0
55	1.0
56	-1.0
57	1.0
58	-1.0
59	-1.0
60	-1.0
61	1.0
62	1.0
63	1.0
64	1.0
65	-1.0
66	-1.0
67	-1.0
68	-1.0
69	1.0
70	1.0
71	1.0
72	-1.0
73	1.0
74	1.0
75	-1.0
76	1.0
77	1.0
78	-1.0
79	1.0
80	-1.0
81	-1.0
82	1.0
83	-1.0
84	-1.0
85	-1.0
86	-1.0
87	-1.0
88	1.0
89	1.0
90	-1.0
91	-1.0
92	-1.0
93	-1.0
94	-1.0
95	1.0
96	-1.0
97	-1.0
98	1.0
99	1.0
100	1.0
101	1.0
102	-1.0
103	1.0
104	-1.0
105	1.0
106	-1.0
107	1.0
108	1.0
109	1.0
110	1.0
111	1.0
112	-1.0
113	-1.0
114	1.0
115	1.0
116	1.0
117	-1.0
118	1.0
119	-1.0
120	-1.0
121	1.0
122	1.0
123	1.0
124	-1.0
125	1.0
126	1.0
127	1.0
128	1.0
129	1.0
130	1.0
131	1.0
132	1.0
133	1.0
134	-1.0
135	-1.0
136	1.0
137	-1.0
138	1.0
139	-1.0
140	-1.0
141	-1.0
142	1.0
143	-1.0
144	1.0
145	-1.0
146	-1.0
147	1.0
148	1.0
149	1.0
150	-1.0
151	1.0
152	-1.0
153	1.0
154	-1.0
155	-1.0
156	1.0
157	1.0
158	1.0
159	-1.0
160	-1.0
161	-1.0
162	1.0
163	-1.0
164	-1.0
165	-1.0
166	1.0
167	-1.0
168	-1.0
169	1.0
170	1.0
171	1.0
172	-1.0
173	-1.0
174	1.0
175	-1.0
176	1.0
177	1.0
178	1.0
179	1.0
180	-1.0
181	-1.0
182	1.0
183	1.0
184	1.0
185	1.0
186	-1.0
187	1.0
188	1.0
189	-1.0
190	-1.0
191	-1.0
192	1.0
193	-1.0
194	1.0
195	1.0
196	1.0
197	1.0
198	-1.0
199	1.0
200	1.0
201	1.0
202	1.0
203	-1.0
204	1.0
205	-1.0
206	-1.0
207	1.0
208	1.0
209	-1.0
210	-1.0
211	-1.0
212	-1.0
213	1.0
214	1.0
215	1.0
216	-1.0
217	-1.0
218	-1.0
219	-1.0
220	-1.0
221	1.0
222	-1.0
223	1.0
224	1.0
225	1.0
226	-1.0
227	-1.0
228	1.0
229	-1.0
230	1.0
231	1.0
232	1.0
233	-1.0
234	-1.0
235	-1.0
236	1.0
237	-1.0
238	1.0
239	-1.0
240	-1.0
241	1.0
242	1.0
243	1.0
244	1.0
245	-1.0
246	1.0
247	1.0
248	1.0
249	-1.0
250	1.0
251	-1.0
252	-1.0
253	-1.0
254	1.0
255	1.0
256	1.0
257	1.0
258	1.0
259	1.0
260	-1.0
261	-1.0
262	1.0
263	1.0
264	-1.0
265	1.0
266	1.0
267	-1.0
268	-1.0
269	-1.0
270	-1.0
271	-1.0
272	-1.0
273	1.0
274	1.0
275	-1.0
276	1.0
277	-1.0
278	-1.0
279	1.0
280	-1.0
281	-1.0
282	-1.0
283	1.0
284	-1.0
285	1.0
286	-1.0
287	1.0
288	-1.0
289	1.0
290	1.0
291	1.0
292	1.0
293	-1.0
294	1.0
295	-1.0
296	-1.0
297	1.0
298	1.0
299	-1.0
300	-1.0
301	1.0
302	-1.0
303	1.0
304	-1.0
305	1.0
306	-1.0
307	1.0
308	-1.0
309	-1.0
310	-1.0
311	1.0
312	-1.0
313	1.0
314	1.0
315	-1.0
316	1.0
317	1.0
318	-1.0
319	-1.0
320	-1.0
321	1.0
322	1.0
323	1.0
324	1.0
325	1.0
326	-1.0
327	-1.0
328	1.0
329	1.0
330	-1.0
331	1.0
332	-1.0
333	-1.0
334	-1.0
335	-1.0
336	1.0
337	-1.0
338	1.0
339	-1.0
340	1.0
341	1.0
342	-1.0
343	1.0
344	-1.0
345	1.0
346	-1.0
347	-1.0
348	-1.0
349	-1.0
350	1.0
351	1.0
352	-1.0
353	1.0
354	-1.0
355	-1.0
356	-1.0
357	-1.0
358	-1.0
359	-1.0
360	1.0
361	-1.0
362	1.0
363	-1.0
364	1.0
365	1.0
366	1.0
367	1.0
368	1.0
369	-1.0
370	-1.0
371	1.0
372	-1.0
373	1.0
374	1.0
375	-1.0
376	-1.0
377	-1.0
378	1.0
379	1.0
380	1.0
381	-1.0
382	-1.0
383	-1.0
384	1.0
385	-1.0
386	1.0
387	1.0
388	-1.0
389	1.0
390	-1.0
391	1.0
392	-1.0
393	1.0
394	-1.0
395	1.0
396	-1.0
397	1.0
398	-1.0
399	-1.0
400	-1.0
401	-1.0
402	-1.0
403	-1.0
404	-1.0
405	-1.0
406	-1.0
407	-1.0
408	-1.0
409	1.0
410	1.0
411	-1.0
412	-1.0
413	1.0
414	-1.0
415	1.0
416	1.0
417	1.0
418	-1.0
419	-1.0
420	1.0
421	-1.0
422	1.0
423	1.0
424	1.0
425	-1.0
426	1.0
427	1.0
428	-1.0
429	1.0
430	1.0
431	1.0
432	-1.0
433	-1.0
434	1.0
435	-1.0
436	1.0
437	1.0
438	-1.0
439	1.0
440	-1.0
441	-1.0
442	-1.0
443	-1.0
444	-1.0
445	-1.0
446	-1.0
447	-1.0
448	-1.0
449	1.0
450	1.0
451	1.0
452	1.0
453	1.0
454	1.0
455	-1.0
456	1.0
457	-1.0
458	1.0
459	-1.0
460	-1.0
461	-1.0
462	-1.0
463	1.0
464	-1.0
465	-1.0
466	-1.0
467	-1.0
468	1.0
469	1.0
470	-1.0
471	-1.0
472	-1.0
473	1.0
474	-1.0
475	1.0
476	-1.0
477	1.0
478	1.0
479	-1.0
480	1.0
481	-1.0
482	1.0
483	-1.0
484	-1.0
485	1.0
486	1.0
487	-1.0
488	-1.0
489	-1.0
490	1.0
491	1.0
492	-1.0
493	-1.0
494	1.0
495	1.0
496	-1.0
497	-1.0
498	1.0
499	-1.0
500	1.0
501	1.0
502	1.0
503	1.0
504	-1.0
505	-1.0
506	1.0
507	1.0
508	1.0
509	1.0
510	1.0
511	1.0
512	1.0
513	-1.0
514	1.0
515	1.0
516	1.0
517	-1.0
518	1.0
519	1.0
520	-1.0
521	-1.0
522	-1.0
523	-1.0
524	1.0
525	-1.0
526	1.0
527	-1.0
528	1.0
529	-1.0
530	1.0
531	1.0
532	1.0
533	-1.0
534	-1.0
535	-1.0
536	-1.0
537	1.0
538	-1.0
539	-1.0
540	-1.0
541	1.0
542	-1.0
543	1.0
544	1.0
545	-1.0
546	-1.0
547	1.0
548	1.0
549	-1.0
550	1.0
551	1.0
552	-1.0
553	1.0
554	1.0
555	1.0
556	1.0
557	1.0
558	1.0
559	-1.0
560	1.0
561	-1.0
562	-1.0
563	1.0
564	-1.0
565	-1.0
566	1.0
567	1.0
568	-1.0
569	-1.0
570	-1.0
571	1.0
572	1.0
573	1.0
574	1.0
575	-1.0
576	1.0
577	1.0
578	1.0
579	1.0
580	1.0
581	1.0
582	-1.0
583	1.0
584	1.0
585	-1.0
586	1.0
587	-1.0
588	-1.0
589	-1.0
590	-1.0
591	-1.0
592	-1.0
593	-1.0
594	1.0
595	-1.0
596	-1.0
597	-1.0
598	1.0
599	1.0
600	-1.0
601	-1.0
602	-1.0
603	1.0
604	-1.0
605	-1.0
606	1.0
607	-1.0
608	-1.0
609	1.0
610	1.0
611	1.0
612	1.0
613	1.0
614	-1.0
615	1.0
616	-1.0
617	1.0
618	-1.0
619	-1.0
620	1.0
621	1.0
622	-1.0
623	-1.0
624	-1.0
625	-1.0
626	-1.0
627	1.0
628	-1.0
629	-1.0
630	1.0
631	1.0
632	1.0
633	1.0
634	-1.0
635	1.0
636	1.0
637	1.0
638	-1.0
639	1.0
640	1.0
641	-1.0
642	-1.0
643	-1.0
644	-1.0
645	-1.0
646	1.0
647	-1.0
648	-1.0
649	1.0
650	-1.0
651	-1.0
652	1.0
653	-1.0
654	1.0
655	-1.0
656	1.0
657	-1.0
658	1.0
659	1.0
660	1.0
661	-1.0
662	1.0
663	1.0
664	1.0
665	1.0
666	-1.0
667	-1.0
668	-1.0
669	1.0
670	-1.0
671	-1.0
672	1.0
673	1.0
674	1.0
675	1.0
676	1.0
677	1.0
678	1.0
679	-1.0
680	-1.0
681	1.0
682	-1.0
683	-1.0
684	1.0
685	-1.0
686	1.0
687	1.0
688	1.0
689	-1.0
690	1.0
691	1.0
692	1.0
693	-1.0
694	-1.0
695	-1.0
696	1.0
697	1.0
698	1.0
699	1.0
700	-1.0
701	-1.0
702	-1.0
703	1.0
704	1.0
705	-1.0
706	-1.0
707	1.0
708	-1.0
709	1.0
710	1.0
711	1.0
712	-1.0
713	-1.0
714	-1.0
715	1.0
716	-1.0
717	-1.0
718	-1.0
719	1.0
720	1.0
721	1.0
722	-1.0
723	-1.0
724	1.0
725	-1.0
726	-1.0
727	-1.0
728	1.0
729	1.0
730	-1.0
731	-1.0
732	-1.0
733	1.0
734	1.0
735	1.0
736	-1.0
737	-1.0
738	-1.0
739	1.0
740	-1.0
741	1.0
742	-1.0
743	-1.0
744	-1.0
745	-1.0
746	1.0
747	1.0
748	1.0
749	1.0
750	-1.0
751	-1.0
752	1.0
753	1.0
754	1.0
755	1.0
756	-1.0
757	-1.0
758	1.0
759	1.0
760	-1.0
761	1.0
762	-1.0
763	-1.0
764	-1.0
765	-1.0
766	-1.0
767	-1.0
768	1.0
769	-1.0
770	1.0
771	1.0
772	-1.0
773	1.0
774	1.0
775	-1.0
776	-1.0
777	-1.0
778	-1.0
779	1.0
780	1.0
781	-1.0
782	-1.0
783	-1.0
784	1.0
785	1.0
786	1.0
787	1.0
788	1.0
789	1.0
790	1.0
791	1.0
792	-1.0
793	-1.0
794	-1.0
795	1.0
796	1.0
797	-1.0
798	-1.0
799	1.0
800	-1.0
801	1.0
802	-1.0
803	-1.0
804	1.0
805	1.0
806	1.0
807	1.0
808	1.0
809	1.0
810	-1.0
811	-1.0
812	-1.0
813	-1.0
814	-1.0
815	1.0
816	1.0
817	-1.0
818	1.0
819	1.0
820	1.0
821	1.0
822	-1.0
823	1.0
824	-1.0
825	-1.0
826	-1.0
827	-1.0
828	-1.0
829	1.0
830	1.0
831	-1.0
832	1.0
833	-1.0
834	-1.0
835	1.0
836	1.0
837	1.0
838	-1.0
839	1.0
840	-1.0
841	-1.0
842	1.0
843	-1.0
844	1.0
845	-1.0
846	-1.0
847	1.0
848	1.0
849	-1.0
850	-1.0
851	1.0
852	-1.0
853	1.0
854	-1.0
855	-1.0
856	1.0
857	-1.0
858	1.0
859	-1.0
860	-1.0
861	1.0
862	-1.0
863	-1.0
864	-1.0
865	1.0
866	1.0
867	1.0
868	1.0
869	1.0
870	1.0
871	-1.0
872	1.0
873	1.0
874	1.0
875	-1.0
876	1.0
877	1.0
878	1.0
879	-1.0
880	1.0
881	1.0
882	-1.0
883	-1.0
884	-1.0
885	1.0
886	1.0
887	1.0
888	-1.0
889	-1.0
890	-1.0
891	1.0
892	1.0
893	1.0
894	1.0
895	1.0
896	-1.0
897	-1.0
898	1.0
899	-1.0
900	1.0
901	-1.0
902	-1.0
903	-1.0
904	1.0
905	1.0
906	1.0
907	-1.0
908	-1.0
909	-1.0
910	1.0
911	1.0
912	1.0
913	-1.0
914	1.0
915	1.0
916	1.0
917	1.0
918	1.0
919	-1.0
920	-1.0
921	1.0
922	1.0
923	1.0
924	-1.0
925	-1.0
926	-1.0
927	-1.0
928	1.0
929	1.0
930	-1.0
931	-1.0
932	-1.0
933	1.0
934	1.0
935	-1.0
936	1.0
937	-1.0
938	-1.0
939	1.0
940	1.0
941	1.0
942	-1.0
943	-1.0
944	-1.0
945	1.0
946	1.0
947	1.0
948	-1.0
949	-1.0
950	1.0
951	-1.0
952	-1.0
953	1.0
954	1.0
955	1.0
956	-1.0
957	-1.0
958	1.0
959	1.0
960	1.0
961	1.0
962	1.0
963	-1.0
964	1.0
965	-1.0
966	-1.0
967	-1.0
968	1.0
969	1.0
970	1.0
971	1.0
972	-1.0
973	-1.0
974	-1.0
975	-1.0
976	1.0
977	1.0
978	-1.0
979	-1.0
980	1.0
981	-1.0
982	1.0
983	-1.0
984	1.0
985	1.0
986	-1.0
987	-1.0
988	-1.0
989	-1.0
990	1.0
991	-1.0
992	-1.0
993	-1.0
994	1.0
995	-1.0
996	-1.0
997	1.0
998	-1.0
999	1.0
1000	-1.0
;
param A : 1 2 3 4 :=
1	0.320 0.674 0.883 0.404 
2	0.779 0.459 0.063 0.337 
3	0.454 0.926 0.102 0.769 
4	0.832 0.234 0.711 0.379 
5	0.903 0.678 0.981 0.280 
6	0.379 0.209 0.443 0.859 
7	0.139 0.179 0.001 0.022 
8	0.304 0.801 0.041 0.366 
9	0.093 0.820 0.063 0.195 
10	0.102 0.027 0.823 0.812 
11	0.497 0.716 0.083 0.478 
12	0.032 0.857 0.204 0.475 
13	0.532 0.614 0.895 0.533 
14	0.477 0.837 0.436 0.518 
15	0.574 0.611 0.023 0.638 
16	0.613 0.739 0.832 0.436 
17	0.238 0.933 0.267 0.321 
18	0.263 0.353 0.268 0.467 
19	0.984 0.999 0.442 0.878 
20	0.077 0.356 0.369 0.513 
21	0.571 0.088 0.485 0.595 
22	0.291 0.207 0.464 0.123 
23	0.016 0.361 0.576 0.283 
24	0.986 0.546 0.035 0.254 
25	0.863 0.238 0.012 0.304 
26	0.545 0.381 0.471 0.913 
27	0.345 0.484 0.982 0.830 
28	0.707 0.120 0.286 0.172 
29	0.929 0.187 0.604 0.505 
30	0.286 0.491 0.017 0.321 
31	0.030 0.184 0.983 0.043 
32	0.099 0.587 0.869 0.570 
33	0.764 0.915 0.985 0.746 
34	0.064 0.453 0.865 0.350 
35	0.109 0.279 0.812 0.713 
36	0.283 0.999 0.276 0.300 
37	0.021 0.330 0.504 0.004 
38	0.992 0.103 0.960 0.861 
39	0.460 0.624 0.588 0.445 
40	0.333 0.508 0.823 0.199 
41	0.448 0.307 0.137 0.260 
42	0.922 0.543 0.020 0.197 
43	0.340 0.218 0.173 0.844 
44	0.546 0.836 0.324 0.505 
45	0.997 0.965 0.321 0.585 
46	0.691 0.918 0.918 0.514 
47	0.776 0.963 0.424 0.914 
48	0.445 0.835 0.766 0.465 
49	0.610 0.805 0.250 0.783 
50	0.472 0.328 0.485 0.797 
51	0.181 0.794 0.799 0.502 
52	0.208 0.193 0.298 0.126 
53	0.414 0.902 0.670 0.839 
54	0.893 0.284 0.651 0.659 
55	0.684 0.269 0.554 0.934 
56	0.203 0.406 0.379 0.688 
57	0.213 0.870 0.997 0.011 
58	0.376 0.219 0.564 0.674 
59	0.271 0.088 0.248 0.941 
60	0.064 0.834 0.211 0.715 
61	0.960 0.399 0.761 0.514 
62	0.812 0.717 0.739 0.192 
63	0.942 0.404 0.275 0.939 
64	0.647 0.315 0.635 0.211 
65	0.980 0.482 0.077 0.228 
66	0.004 0.293 0.256 0.215 
67	0.749 0.175 0.407 0.510 
68	0.740 0.323 0.406 0.479 
69	0.811 0.422 0.919 0.086 
70	0.334 0.733 0.676 0.968 
71	0.666 0.949 0.426 0.743 
72	0.848 0.747 0.470 0.105 
73	0.478 0.854 0.136 0.885 
74	0.825 0.625 0.687 0.230 
75	0.201 0.042 0.526 0.120 
76	0.887 0.454 0.861 0.563 
77	0.805 0.229 0.371 0.230 
78	0.548 0.079 0.719 0.018 
79	0.681 0.495 0.038 0.817 
80	0.402 0.642 0.005 0.089 
81	0.109 0.291 0.914 0.635 
82	0.043 0.521 0.864 0.904 
83	0.287 0.709 0.314 0.658 
84	0.285 0.206 0.018 0.004 
85	0.202 0.685 0.719 0.240 
86	0.099 0.642 0.145 0.104 
87	0.017 0.213 0.022 0.932 
88	0.432 0.975 0.369 0.297 
89	0.453 0.583 0.587 0.767 
90	0.527 0.052 0.447 0.545 
91	0.670 0.747 0.742 0.389 
92	0.244 0.488 0.629 0.389 
93	0.360 0.406 0.805 0.382 
94	0.652 0.815 0.312 0.021 
95	0.191 0.474 0.695 0.778 
96	0.936 0.305 0.293 0.383 
97	0.350 0.053 0.598 0.091 
98	0.585 0.335 0.930 0.214 
99	0.523 0.574 0.130 0.328 
100	0.468 0.980 0.771 0.780 
101	0.882 0.971 0.475 0.577 
102	0.716 0.513 0.055 0.009 
103	0.905 0.359 0.948 0.503 
104	0.390 0.088 0.785 0.321 
105	0.509 0.843 0.876 0.639 
106	0.833 0.106 0.151 0.604 
107	0.151 0.486 0.857 0.626 
108	0.607 0.342 0.576 0.662 
109	0.472 0.567 0.710 0.420 
110	0.160 0.810 0.158 0.945 
111	0.460 0.454 0.974 0.336 
112	0.145 0.168 0.199 0.295 
113	0.085 0.447 0.258 0.942 
114	0.321 0.549 0.415 0.897 
115	0.767 0.369 0.778 0.477 
116	0.848 0.637 0.600 0.006 
117	0.731 0.466 0.036 0.705 
118	0.128 0.850 0.970 0.327 
119	0.742 0.411 0.591 0.000 
120	0.664 0.321 0.903 0.079 
121	0.114 0.846 0.588 0.891 
122	0.378 0.739 0.960 0.977 
123	0.542 0.708 0.211 0.578 
124	0.013 0.706 0.263 0.983 
125	0.407 0.726 0.444 0.999 
126	0.797 0.663 0.047 0.700 
127	0.266 0.814 0.588 0.854 
128	0.911 0.231 0.444 0.871 
129	0.190 0.413 0.917 0.401 
130	0.330 0.414 0.697 0.593 
131	0.729 0.000 0.123 0.173 
132	0.849 0.970 0.661 0.896 
133	0.403 0.161 0.484 0.991 
134	0.189 0.902 0.247 0.634 
135	0.456 0.824 0.186 0.373 
136	0.177 0.703 0.639 0.874 
137	0.036 0.603 0.296 0.159 
138	0.295 0.007 0.747 0.956 
139	0.417 0.359 0.064 0.902 
140	0.080 0.091 0.252 0.327 
141	0.025 0.782 0.549 0.212 
142	0.774 0.389 0.858 0.412 
143	0.154 0.448 0.865 0.450 
144	0.642 0.745 0.614 0.388 
145	0.517 0.805 0.060 0.582 
146	0.410 0.661 0.798 0.662 
147	0.523 0.688 0.770 0.072 
148	0.925 0.845 0.288 0.783 
149	0.550 0.937 0.706 0.416 
150	0.313 0.057 0.132 0.928 
151	0.832 0.445 0.251 0.892 
152	0.958 0.302 0.689 0.756 
153	0.677 0.279 0.652 0.447 
154	0.552 0.372 0.197 0.840 
155	0.454 0.390 0.093 0.161 
156	0.480 0.474 0.863 0.612 
157	0.309 0.445 0.847 0.559 
158	0.874 0.517 0.639 0.562 
159	0.603 0.239 0.553 0.256 
160	0.904 0.807 0.058 0.100 
161	0.214 0.555 0.037 0.307 
162	0.842 0.787 0.189 0.705 
163	0.591 0.014 0.845 0.438 
164	0.181 0.312 0.091 0.821 
165	0.364 0.424 0.113 0.917 
166	0.799 0.821 0.487 0.857 
167	0.134 0.071 0.476 0.171 
168	0.191 0.013 0.165 0.381 
169	0.564 0.971 0.733 0.409 
170	0.306 0.590 0.721 0.397 
171	0.595 0.761 0.835 0.708 
172	0.514 0.507 0.499 0.001 
173	0.421 0.135 0.435 0.897 
174	0.812 0.088 0.319 0.977 
175	0.038 0.541 0.440 0.770 
176	0.849 0.076 0.540 0.570 
177	0.950 0.166 0.234 0.785 
178	0.912 0.299 0.381 0.412 
179	0.746 0.832 0.436 0.180 
180	0.742 0.993 0.817 0.061 
181	0.286 0.099 0.510 0.726 
182	0.460 0.576 0.945 0.999 
183	0.418 0.950 0.312 0.652 
184	0.186 0.564 0.034 0.567 
185	0.335 0.313 0.808 0.771 
186	0.537 0.513 0.486 0.354 
187	0.455 0.640 0.673 0.965 
188	0.542 0.425 0.942 0.487 
189	0.088 0.905 0.374 0.400 
190	0.109 0.586 0.120 0.143 
191	0.096 0.479 0.466 0.904 
192	0.959 0.441 0.764 0.445 
193	0.338 0.899 0.435 0.011 
194	0.802 0.553 0.289 0.744 
195	0.714 0.832 0.944 0.088 
196	0.501 0.197 0.819 0.621 
197	0.972 0.717 0.819 0.437 
198	0.069 0.396 0.061 0.832 
199	0.856 0.170 0.740 0.292 
200	0.605 0.093 0.735 0.894 
201	0.774 0.608 0.670 0.719 
202	0.903 0.219 0.892 0.721 
203	0.232 0.693 0.557 0.051 
204	0.178 0.120 0.527 0.239 
205	0.368 0.096 0.123 0.108 
206	0.304 0.713 0.481 0.039 
207	0.318 0.813 0.215 0.988 
208	0.911 0.891 0.752 0.803 
209	0.592 0.036 0.305 0.149 
210	0.436 0.327 0.207 0.963 
211	0.159 0.331 0.661 0.282 
212	0.049 0.587 0.152 0.529 
213	0.759 0.848 0.439 0.974 
214	0.971 0.885 0.727 0.723 
215	0.339 0.315 0.723 0.645 
216	0.810 0.081 0.790 0.017 
217	0.356 0.176 0.374 0.017 
218	0.813 0.066 0.045 0.964 
219	0.671 0.723 0.443 0.110 
220	0.279 0.081 0.582 0.006 
221	0.269 0.345 0.119 0.993 
222	0.582 0.803 0.070 0.372 
223	0.114 0.728 0.996 0.488 
224	0.454 0.301 0.811 0.499 
225	0.406 0.170 0.988 0.849 
226	0.685 0.128 0.362 0.267 
227	0.166 0.536 0.479 0.285 
228	0.469 0.867 0.331 0.539 
229	0.151 0.653 0.967 0.146 
230	0.712 0.600 0.442 0.523 
231	0.708 0.930 0.270 0.696 
232	0.550 0.381 0.907 0.912 
233	0.042 0.077 0.184 0.521 
234	0.713 0.990 0.229 0.044 
235	0.469 0.194 0.182 0.436 
236	0.324 0.148 0.941 0.766 
237	0.040 0.473 0.601 0.310 
238	0.380 0.860 0.550 0.287 
239	0.198 0.329 0.849 0.382 
240	0.211 0.095 0.840 0.440 
241	0.369 0.909 0.333 0.551 
242	0.674 0.875 0.493 0.614 
243	0.165 0.655 0.114 0.766 
244	0.284 0.147 0.825 0.834 
245	0.596 0.032 0.763 0.445 
246	0.613 0.656 0.510 0.453 
247	0.648 0.822 0.005 0.981 
248	0.350 0.655 0.248 0.843 
249	0.889 0.008 0.924 0.004 
250	0.889 0.287 0.922 0.713 
251	0.356 0.309 0.154 0.119 
252	0.569 0.732 0.410 0.078 
253	0.506 0.727 0.006 0.511 
254	0.379 0.861 0.363 0.627 
255	0.633 0.516 0.713 0.557 
256	0.488 0.446 0.807 0.409 
257	0.929 0.765 0.469 0.082 
258	0.223 0.651 0.615 0.633 
259	0.800 0.139 0.456 0.805 
260	0.164 0.184 0.511 0.527 
261	0.215 0.160 0.328 0.928 
262	0.848 0.416 0.162 0.655 
263	0.322 0.583 0.590 0.790 
264	0.474 0.013 0.317 0.089 
265	0.046 0.889 0.784 0.502 
266	0.434 0.666 0.878 0.945 
267	0.690 0.161 0.352 0.018 
268	0.069 0.865 0.505 0.231 
269	0.330 0.553 0.103 0.921 
270	0.769 0.395 0.356 0.086 
271	0.001 0.132 0.372 0.785 
272	0.067 0.219 0.299 0.945 
273	0.492 0.635 0.325 0.844 
274	0.414 0.913 0.518 0.919 
275	0.038 0.249 0.696 0.141 
276	0.039 0.910 0.564 0.395 
277	0.048 0.396 0.128 0.420 
278	0.762 0.487 0.401 0.061 
279	0.565 0.553 0.067 0.890 
280	0.720 0.304 0.310 0.238 
281	0.454 0.275 0.472 0.150 
282	0.642 0.189 0.327 0.206 
283	0.323 0.254 0.980 0.451 
284	0.162 0.213 0.161 0.563 
285	0.593 0.128 0.828 0.660 
286	0.225 0.380 0.322 0.535 
287	0.545 0.989 0.893 0.017 
288	0.310 0.658 0.329 0.636 
289	0.913 0.959 0.118 0.894 
290	0.792 0.055 0.624 0.953 
291	0.899 0.546 0.746 0.727 
292	0.764 0.952 0.587 0.086 
293	0.205 0.630 0.477 0.098 
294	0.616 0.408 0.305 0.945 
295	0.169 0.858 0.003 0.287 
296	0.414 0.078 0.807 0.038 
297	0.425 0.937 0.577 0.171 
298	0.784 0.934 0.616 0.370 
299	0.103 0.575 0.650 0.580 
300	0.297 0.196 0.081 0.602 
301	0.125 0.771 0.999 0.128 
302	0.750 0.542 0.136 0.557 
303	0.167 0.982 0.517 0.744 
304	0.180 0.528 0.087 0.796 
305	0.107 0.899 0.473 0.758 
306	0.146 0.055 0.675 0.227 
307	0.815 0.352 0.428 0.814 
308	0.486 0.564 0.023 0.622 
309	0.603 0.789 0.104 0.119 
310	0.257 0.299 0.061 0.344 
311	0.959 0.452 0.994 0.432 
312	0.472 0.578 0.264 0.147 
313	0.921 0.962 0.158 0.349 
314	0.638 0.835 0.341 0.661 
315	0.463 0.264 0.246 0.567 
316	0.779 0.824 0.683 0.840 
317	0.778 0.798 0.620 0.772 
318	0.829 0.244 0.808 0.093 
319	0.614 0.014 0.353 0.772 
320	0.129 0.410 0.199 0.470 
321	0.656 0.932 0.335 0.902 
322	0.719 0.681 0.322 0.402 
323	0.490 0.180 0.319 0.110 
324	0.549 0.939 0.195 0.358 
325	0.586 0.972 0.047 0.938 
326	0.411 0.067 0.154 0.610 
327	0.225 0.266 0.470 0.560 
328	0.969 0.279 0.849 0.291 
329	0.371 0.782 0.860 0.690 
330	0.811 0.239 0.831 0.006 
331	0.864 0.592 0.569 0.911 
332	0.313 0.322 0.598 0.466 
333	0.135 0.691 0.198 0.605 
334	0.366 0.574 0.531 0.215 
335	0.211 0.586 0.646 0.072 
336	0.538 0.883 0.515 0.370 
337	0.112 0.234 0.481 0.681 
338	0.011 0.994 0.467 0.609 
339	0.399 0.744 0.152 0.597 
340	0.403 0.963 0.923 0.934 
341	0.788 0.145 0.764 0.434 
342	0.040 0.973 0.099 0.555 
343	0.989 0.668 0.576 0.470 
344	0.721 0.481 0.343 0.187 
345	0.803 0.586 0.835 0.955 
346	0.184 0.358 0.146 0.107 
347	0.324 0.895 0.437 0.088 
348	0.653 0.128 0.302 0.753 
349	0.644 0.741 0.351 0.220 
350	0.700 0.940 0.692 0.043 
351	0.783 0.846 0.714 0.618 
352	0.897 0.802 0.159 0.043 
353	0.450 0.367 0.804 0.887 
354	0.133 0.540 0.584 0.435 
355	0.268 0.079 0.033 0.619 
356	0.244 0.319 0.238 0.937 
357	0.366 0.720 0.209 0.080 
358	0.010 0.977 0.139 0.169 
359	0.049 0.619 0.387 0.853 
360	0.843 0.986 0.045 0.426 
361	0.337 0.694 0.499 0.371 
362	0.798 0.615 0.632 0.036 
363	0.995 0.402 0.272 0.204 
364	0.609 0.214 0.459 0.748 
365	0.479 0.797 0.001 0.867 
366	0.506 0.709 0.635 0.551 
367	0.056 0.889 0.829 0.556 
368	0.142 0.353 0.875 0.775 
369	0.427 0.770 0.791 0.699 
370	0.273 0.308 0.187 0.733 
371	0.569 0.212 0.853 0.570 
372	0.503 0.076 0.788 0.138 
373	0.923 0.194 0.516 0.753 
374	0.775 0.895 0.103 0.650 
375	0.492 0.077 0.440 0.283 
376	0.413 0.557 0.084 0.600 
377	0.140 0.169 0.501 0.993 
378	0.580 0.496 0.815 0.368 
379	0.442 0.291 0.829 0.958 
380	0.579 0.733 0.938 0.682 
381	0.608 0.174 0.461 0.048 
382	0.237 0.461 0.014 0.321 
383	0.303 0.462 0.229 0.804 
384	0.968 0.384 0.951 0.783 
385	0.585 0.225 0.043 0.414 
386	0.086 0.993 0.916 0.024 
387	0.299 0.632 0.848 0.760 
388	0.305 0.998 0.141 0.319 
389	0.201 0.622 0.781 0.431 
390	0.236 0.399 0.810 0.187 
391	0.562 0.772 0.406 0.605 
392	0.589 0.691 0.179 0.504 
393	0.853 0.804 0.347 0.700 
394	0.027 0.005 0.562 0.168 
395	0.881 0.369 0.945 0.662 
396	0.371 0.897 0.199 0.182 
397	0.381 0.744 0.856 0.787 
398	0.042 0.376 0.040 0.221 
399	0.755 0.073 0.684 0.102 
400	0.248 0.130 0.779 0.810 
401	0.102 0.691 0.667 0.048 
402	0.467 0.419 0.250 0.666 
403	0.334 0.047 0.345 0.190 
404	0.694 0.233 0.210 0.734 
405	0.090 0.489 0.527 0.775 
406	0.300 0.023 0.721 0.079 
407	0.019 0.181 0.524 0.686 
408	0.877 0.153 0.648 0.127 
409	0.249 0.461 0.866 0.593 
410	0.700 0.287 0.884 0.910 
411	0.337 0.000 0.509 0.864 
412	0.100 0.164 0.798 0.821 
413	0.630 0.839 0.425 0.154 
414	0.654 0.031 0.678 0.302 
415	0.497 0.551 0.619 0.363 
416	0.270 0.063 0.431 0.154 
417	0.452 0.492 0.973 0.961 
418	0.748 0.061 0.520 0.545 
419	0.763 0.176 0.721 0.188 
420	0.247 0.842 0.361 0.925 
421	0.519 0.422 0.695 0.137 
422	0.839 0.408 0.848 0.270 
423	0.821 0.722 0.054 0.794 
424	0.410 0.542 0.744 0.930 
425	0.625 0.694 0.263 0.347 
426	0.593 0.593 0.724 0.954 
427	0.868 0.473 0.940 0.563 
428	0.726 0.402 0.018 0.574 
429	0.580 0.395 0.394 0.634 
430	0.076 0.044 0.732 0.820 
431	0.819 0.445 0.668 0.082 
432	0.550 0.676 0.385 0.274 
433	0.903 0.142 0.103 0.844 
434	0.714 0.569 0.106 0.732 
435	0.778 0.312 0.539 0.172 
436	0.728 0.248 0.991 0.460 
437	0.966 0.279 0.512 0.634 
438	0.304 0.184 0.037 0.689 
439	0.667 0.593 0.600 0.771 
440	0.304 0.485 0.006 0.411 
441	0.149 0.189 0.529 0.688 
442	0.476 0.416 0.608 0.467 
443	0.676 0.433 0.155 0.188 
444	0.516 0.492 0.251 0.553 
445	0.709 0.221 0.774 0.308 
446	0.211 0.613 0.476 0.216 
447	0.693 0.366 0.212 0.222 
448	0.572 0.697 0.469 0.181 
449	0.345 0.856 0.597 0.500 
450	0.664 0.016 0.537 0.915 
451	0.718 0.624 0.790 0.493 
452	0.782 0.703 0.545 0.258 
453	0.568 0.951 0.286 0.780 
454	0.339 0.352 0.870 0.809 
455	0.034 0.154 0.389 0.631 
456	0.433 0.295 0.670 0.970 
457	0.239 0.688 0.834 0.029 
458	0.765 0.811 0.884 0.310 
459	0.804 0.878 0.020 0.090 
460	0.192 0.429 0.009 0.062 
461	0.542 0.095 0.391 0.931 
462	0.045 0.364 0.022 0.715 
463	0.232 0.954 0.022 0.065 
464	0.203 0.831 0.795 0.087 
465	0.864 0.892 0.018 0.884 
466	0.675 0.076 0.410 0.685 
467	0.648 0.227 0.233 0.039 
468	0.959 0.084 0.522 0.981 
469	0.856 0.213 0.753 0.878 
470	0.737 0.081 0.108 0.532 
471	0.249 0.396 0.060 0.267 
472	0.041 0.942 0.355 0.452 
473	0.493 0.099 0.854 0.725 
474	0.012 0.684 0.223 0.533 
475	0.022 0.389 0.878 0.775 
476	0.156 0.512 0.347 0.264 
477	0.515 0.513 0.440 0.575 
478	0.719 0.616 0.723 0.075 
479	0.350 0.567 0.167 0.204 
480	0.306 0.215 0.977 0.528 
481	0.642 0.550 0.137 0.521 
482	0.404 0.676 0.837 0.751 
483	0.881 0.266 0.454 0.320 
484	0.234 0.040 0.456 0.956 
485	0.524 0.306 0.682 0.691 
486	0.974 0.997 0.725 0.951 
487	0.474 0.594 0.075 0.611 
488	0.400 0.014 0.791 0.237 
489	0.731 0.118 0.031 0.185 
490	0.871 0.419 0.478 0.328 
491	0.592 0.852 0.681 0.274 
492	0.191 0.248 0.540 0.916 
493	0.065 0.390 0.793 0.140 
494	0.908 0.540 0.015 0.698 
495	0.780 0.429 0.895 0.811 
496	0.333 0.682 0.033 0.811 
497	0.408 0.403 0.862 0.089 
498	0.405 0.280 0.926 0.944 
499	0.126 0.009 0.586 0.919 
500	0.587 0.827 0.689 0.602 
501	0.466 0.382 0.954 0.361 
502	0.569 0.694 0.876 0.602 
503	0.885 0.009 0.908 0.747 
504	0.585 0.152 0.377 0.511 
505	0.573 0.637 0.105 0.159 
506	0.254 0.746 0.382 0.943 
507	0.907 0.409 0.730 0.862 
508	0.923 0.431 0.464 0.799 
509	0.969 0.684 0.041 0.877 
510	0.139 0.463 0.583 0.517 
511	0.679 0.090 0.611 0.784 
512	0.167 0.037 0.995 0.549 
513	0.342 0.456 0.389 0.072 
514	0.160 0.995 0.749 0.624 
515	0.781 0.593 0.478 0.822 
516	0.910 0.961 0.933 0.493 
517	0.907 0.171 0.568 0.518 
518	0.817 0.684 0.992 0.812 
519	0.972 0.154 0.690 0.362 
520	0.008 0.521 0.222 0.757 
521	0.016 0.538 0.739 0.494 
522	0.209 0.404 0.321 0.143 
523	0.799 0.050 0.068 0.367 
524	0.023 0.184 0.252 0.015 
525	0.485 0.987 0.149 0.175 
526	0.376 0.183 0.870 0.597 
527	0.015 0.613 0.478 0.754 
528	0.838 0.963 0.511 0.159 
529	0.407 0.959 0.156 0.475 
530	0.723 0.498 0.510 0.975 
531	0.505 0.461 0.500 0.655 
532	0.849 0.030 0.819 0.719 
533	0.759 0.734 0.241 0.237 
534	0.348 0.075 0.452 0.858 
535	0.557 0.266 0.193 0.713 
536	0.519 0.436 0.239 0.029 
537	0.752 0.534 0.872 0.252 
538	0.508 0.101 0.220 0.327 
539	0.847 0.086 0.554 0.088 
540	0.042 0.436 0.399 0.494 
541	0.633 0.051 0.560 0.827 
542	0.301 0.346 0.201 0.539 
543	0.612 0.291 0.909 0.484 
544	0.098 0.992 0.643 0.318 
545	0.463 0.166 0.405 0.017 
546	0.728 0.059 0.689 0.127 
547	0.983 0.760 0.605 0.543 
548	0.369 0.844 0.933 0.570 
549	0.308 0.181 0.674 0.217 
550	0.217 0.315 0.657 0.860 
551	0.976 0.323 0.799 0.380 
552	0.053 0.108 0.399 0.742 
553	0.952 0.725 0.995 0.557 
554	0.582 0.926 0.112 0.515 
555	0.495 0.823 0.677 0.170 
556	0.342 0.387 0.355 0.999 
557	0.989 0.975 0.570 0.788 
558	0.910 0.841 0.463 0.309 
559	0.697 0.261 0.307 0.692 
560	0.576 0.274 0.743 0.688 
561	0.239 0.183 0.612 0.915 
562	0.652 0.257 0.740 0.007 
563	0.987 0.996 0.231 0.557 
564	0.585 0.466 0.624 0.048 
565	0.207 0.745 0.037 0.514 
566	0.855 0.090 0.712 0.598 
567	0.501 0.836 0.961 0.113 
568	0.314 0.765 0.009 0.054 
569	0.265 0.040 0.767 0.495 
570	0.551 0.080 0.063 0.175 
571	0.839 0.382 0.874 0.875 
572	0.311 0.730 0.986 0.023 
573	0.764 0.525 0.164 0.725 
574	0.916 0.039 0.402 0.924 
575	0.174 0.189 0.133 0.942 
576	0.729 0.493 0.764 0.792 
577	0.893 0.631 0.050 0.766 
578	0.947 0.078 0.236 0.933 
579	0.564 0.697 0.626 0.728 
580	0.264 0.644 0.461 0.666 
581	0.554 0.840 0.757 0.686 
582	0.441 0.415 0.275 0.206 
583	0.943 0.098 0.839 0.993 
584	0.345 0.940 0.943 0.582 
585	0.044 0.146 0.570 0.670 
586	0.992 0.934 0.518 0.453 
587	0.086 0.007 0.440 0.843 
588	0.222 0.284 0.108 0.497 
589	0.316 0.440 0.588 0.155 
590	0.453 0.500 0.373 0.396 
591	0.246 0.440 0.227 0.816 
592	0.101 0.809 0.044 0.619 
593	0.644 0.705 0.268 0.084 
594	0.961 0.306 0.832 0.070 
595	0.322 0.386 0.243 0.910 
596	0.676 0.363 0.041 0.050 
597	0.123 0.296 0.199 0.350 
598	0.309 0.452 0.921 0.353 
599	0.183 0.997 0.776 0.451 
600	0.324 0.413 0.387 0.156 
601	0.190 0.478 0.868 0.433 
602	0.409 0.110 0.752 0.450 
603	0.511 0.573 0.455 0.711 
604	0.568 0.020 0.375 0.489 
605	0.445 0.672 0.370 0.221 
606	0.451 0.544 0.536 0.838 
607	0.018 0.028 0.179 0.886 
608	0.568 0.295 0.571 0.320 
609	0.730 0.831 0.317 0.185 
610	0.240 0.753 0.562 0.615 
611	0.935 0.060 0.914 0.305 
612	0.037 0.756 0.825 0.573 
613	0.526 0.591 0.622 0.704 
614	0.083 0.272 0.772 0.653 
615	0.516 0.383 0.423 0.833 
616	0.966 0.074 0.322 0.528 
617	0.563 0.463 0.748 0.477 
618	0.029 0.514 0.525 0.853 
619	0.118 0.379 0.678 0.740 
620	0.155 0.823 0.356 0.926 
621	0.948 0.443 0.860 0.371 
622	0.428 0.337 0.350 0.750 
623	0.038 0.313 0.327 0.786 
624	0.096 0.815 0.305 0.621 
625	0.392 0.739 0.047 0.069 
626	0.131 0.224 0.302 0.486 
627	0.779 0.434 0.593 0.638 
628	0.869 0.067 0.142 0.219 
629	0.006 0.257 0.130 0.333 
630	0.920 0.429 0.858 0.225 
631	0.526 0.616 0.789 0.573 
632	0.268 0.704 0.910 0.570 
633	0.060 0.349 0.624 0.653 
634	0.429 0.522 0.054 0.571 
635	0.870 0.577 0.998 0.000 
636	0.040 0.920 0.340 0.898 
637	0.390 0.424 0.762 0.179 
638	0.447 0.447 0.701 0.357 
639	0.891 0.417 0.366 0.516 
640	0.354 0.945 0.593 0.408 
641	0.334 0.279 0.093 0.331 
642	0.003 0.372 0.199 0.343 
643	0.344 0.732 0.694 0.106 
644	0.691 0.553 0.358 0.392 
645	0.375 0.284 0.328 0.742 
646	0.398 0.096 0.744 0.991 
647	0.260 0.325 0.782 0.352 
648	0.061 0.355 0.027 0.260 
649	0.297 0.604 0.430 0.991 
650	0.341 0.681 0.263 0.699 
651	0.173 0.074 0.357 0.501 
652	0.156 0.899 0.912 0.900 
653	0.416 0.160 0.215 0.198 
654	0.870 0.260 0.868 0.897 
655	0.566 0.194 0.124 0.996 
656	0.834 0.337 0.866 0.097 
657	0.940 0.270 0.111 0.297 
658	0.927 0.453 0.670 0.839 
659	0.560 0.255 0.513 0.774 
660	0.026 0.644 0.713 0.893 
661	0.232 0.459 0.736 0.356 
662	0.920 0.190 0.792 0.787 
663	0.828 0.726 0.557 0.939 
664	0.328 0.866 0.476 0.997 
665	0.829 0.557 0.960 0.342 
666	0.413 0.368 0.976 0.125 
667	0.518 0.358 0.720 0.253 
668	0.175 0.174 0.904 0.967 
669	0.191 0.795 0.687 0.748 
670	0.709 0.076 0.600 0.185 
671	0.305 0.014 0.630 0.265 
672	0.962 0.677 0.724 0.938 
673	0.986 0.456 0.161 0.706 
674	0.875 0.880 0.883 0.779 
675	0.843 0.970 0.642 0.530 
676	0.377 0.239 0.794 0.977 
677	0.867 0.282 0.439 0.498 
678	0.796 0.460 0.224 0.521 
679	0.026 0.506 0.854 0.187 
680	0.563 0.062 0.092 0.446 
681	0.939 0.289 0.811 0.582 
682	0.529 0.958 0.059 0.323 
683	0.483 0.190 0.217 0.923 
684	0.763 0.719 0.148 0.986 
685	0.546 0.013 0.745 0.399 
686	0.957 0.962 0.262 0.049 
687	0.102 0.988 0.697 0.913 
688	0.516 0.442 0.528 0.574 
689	0.463 0.058 0.956 0.680 
690	0.644 0.443 0.700 0.792 
691	0.939 0.338 0.442 0.684 
692	0.642 0.642 0.699 0.904 
693	0.107 0.006 0.679 0.804 
694	0.249 0.320 0.362 0.778 
695	0.127 0.241 0.952 0.083 
696	0.933 0.727 0.364 0.632 
697	0.793 0.571 0.857 0.235 
698	0.595 0.878 0.897 0.294 
699	0.588 0.401 0.788 0.267 
700	0.708 0.516 0.524 0.070 
701	0.418 0.197 0.535 0.370 
702	0.457 0.303 0.008 0.821 
703	0.527 0.614 0.506 0.385 
704	0.762 0.980 0.727 0.659 
705	0.508 0.246 0.675 0.296 
706	0.880 0.004 0.030 0.404 
707	0.324 0.823 0.271 0.859 
708	0.551 0.316 0.496 0.559 
709	0.431 0.087 0.750 0.937 
710	0.600 0.699 0.451 0.327 
711	0.725 0.835 0.604 0.400 
712	0.118 0.280 0.136 0.147 
713	0.209 0.471 0.507 0.480 
714	0.700 0.032 0.647 0.196 
715	0.783 0.627 0.678 0.534 
716	0.150 0.134 0.264 0.601 
717	0.621 0.326 0.295 0.226 
718	0.427 0.343 0.007 0.562 
719	0.691 0.772 0.962 0.197 
720	0.293 0.897 0.284 0.939 
721	0.875 0.723 0.720 0.553 
722	0.284 0.702 0.390 0.548 
723	0.850 0.169 0.630 0.145 
724	0.357 0.572 0.738 0.363 
725	0.229 0.054 0.906 0.191 
726	0.158 0.483 0.148 0.442 
727	0.241 0.316 0.145 0.961 
728	0.402 0.245 0.571 0.792 
729	0.875 0.642 0.962 0.505 
730	0.357 0.862 0.360 0.095 
731	0.494 0.324 0.279 0.400 
732	0.530 0.558 0.997 0.678 
733	0.420 0.919 0.315 0.565 
734	0.185 0.967 0.125 0.756 
735	0.918 0.631 0.401 0.881 
736	0.189 0.238 0.998 0.548 
737	0.224 0.042 0.656 0.503 
738	0.170 0.033 1.000 0.168 
739	0.999 0.588 0.631 0.314 
740	0.511 0.499 0.120 0.636 
741	0.879 0.555 0.886 0.281 
742	0.022 0.469 0.673 0.021 
743	0.005 0.245 0.060 0.661 
744	0.502 0.831 0.781 0.502 
745	0.492 0.501 0.587 0.123 
746	0.740 0.634 0.314 0.860 
747	0.569 0.739 0.825 0.455 
748	0.260 0.478 0.489 0.933 
749	0.507 0.938 0.743 0.567 
750	0.491 0.069 0.431 0.271 
751	0.430 0.764 0.072 0.016 
752	0.887 0.756 0.521 0.201 
753	0.791 0.770 0.355 0.616 
754	0.374 0.876 0.703 0.864 
755	0.201 0.371 0.747 0.944 
756	0.346 0.435 0.008 0.777 
757	0.579 0.206 0.470 0.651 
758	0.356 0.538 0.978 0.877 
759	0.593 0.668 0.510 0.948 
760	0.735 0.322 0.160 0.438 
761	0.969 0.640 0.557 0.716 
762	0.495 0.062 0.019 0.503 
763	0.725 0.081 0.045 0.195 
764	0.267 0.551 0.271 0.245 
765	0.010 0.838 0.096 0.520 
766	0.381 0.256 0.108 0.541 
767	0.294 0.511 0.333 0.851 
768	0.917 0.346 0.289 0.936 
769	0.128 0.661 0.930 0.173 
770	0.663 0.439 0.407 0.933 
771	0.835 0.944 0.522 0.932 
772	0.308 0.313 0.720 0.417 
773	0.414 0.711 0.365 0.747 
774	0.591 0.664 0.908 0.881 
775	0.757 0.008 0.262 0.687 
776	0.118 0.350 0.620 0.525 
777	0.305 0.360 0.227 0.827 
778	0.692 0.135 0.605 0.412 
779	0.459 0.825 0.263 0.823 
780	0.825 0.415 0.237 0.733 
781	0.838 0.490 0.304 0.099 
782	0.485 0.217 0.528 0.105 
783	0.811 0.410 0.102 0.039 
784	0.394 0.730 0.372 0.999 
785	0.924 0.458 0.967 0.187 
786	0.540 0.012 0.696 0.777 
787	0.991 0.614 0.236 0.295 
788	0.414 0.780 0.931 0.941 
789	0.673 0.753 0.295 0.775 
790	0.531 0.169 0.521 0.904 
791	0.663 0.828 0.626 0.630 
792	0.907 0.170 0.028 0.603 
793	0.773 0.594 0.561 0.009 
794	0.275 0.423 0.669 0.206 
795	0.553 0.878 0.117 0.848 
796	0.908 0.379 0.822 0.429 
797	0.990 0.093 0.111 0.615 
798	0.126 0.522 0.893 0.154 
799	0.840 0.927 0.718 0.401 
800	0.607 0.676 0.359 0.276 
801	0.724 0.829 0.760 0.841 
802	0.413 0.749 0.056 0.235 
803	0.339 0.225 0.271 0.450 
804	0.994 0.576 0.362 0.887 
805	0.486 0.726 0.657 0.204 
806	0.593 0.811 0.804 0.953 
807	0.686 0.677 0.916 0.446 
808	0.593 0.859 0.266 0.650 
809	0.445 0.989 0.319 0.716 
810	0.159 0.709 0.015 0.521 
811	0.745 0.007 0.323 0.402 
812	0.450 0.995 0.022 0.254 
813	0.109 0.940 0.624 0.025 
814	0.142 0.618 0.245 0.408 
815	0.340 0.853 0.257 0.659 
816	0.696 0.818 0.278 0.712 
817	0.874 0.457 0.345 0.197 
818	0.556 0.647 0.853 0.577 
819	0.801 0.686 0.840 0.425 
820	0.226 0.567 0.329 0.471 
821	0.597 0.810 0.828 0.855 
822	0.397 0.551 0.287 0.675 
823	0.626 0.549 0.719 0.972 
824	0.578 0.527 0.393 0.431 
825	0.293 0.233 0.791 0.134 
826	0.502 0.359 0.225 0.831 
827	0.201 0.429 0.641 0.029 
828	0.110 0.426 0.835 0.398 
829	0.097 0.024 0.650 0.817 
830	0.396 0.395 0.523 0.789 
831	0.628 0.082 0.059 0.418 
832	0.717 0.921 0.575 0.942 
833	0.405 0.143 0.181 0.046 
834	0.464 0.156 0.597 0.299 
835	0.698 0.397 0.578 0.348 
836	0.573 0.744 0.608 0.096 
837	0.435 0.723 0.614 0.493 
838	0.830 0.210 0.062 0.405 
839	0.814 0.811 0.295 0.995 
840	0.467 0.459 0.013 0.064 
841	0.567 0.762 0.155 0.145 
842	0.369 0.718 0.854 0.977 
843	0.386 0.412 0.537 0.000 
844	0.678 0.830 0.116 0.741 
845	0.268 0.555 0.046 0.563 
846	0.903 0.030 0.009 0.916 
847	0.768 0.483 0.855 0.923 
848	0.965 0.292 0.346 0.819 
849	0.159 0.205 0.681 0.696 
850	0.586 0.374 0.035 0.701 
851	0.271 0.969 0.670 0.317 
852	0.219 0.220 0.562 0.228 
853	0.655 0.996 0.620 0.511 
854	0.248 0.476 0.211 0.594 
855	0.480 0.753 0.499 0.160 
856	0.704 0.746 0.823 0.740 
857	0.938 0.011 0.417 0.607 
858	0.950 0.827 0.548 0.512 
859	0.684 0.167 0.051 0.304 
860	0.970 0.552 0.153 0.181 
861	0.448 0.661 0.899 0.948 
862	0.348 0.652 0.567 0.171 
863	0.015 0.108 0.402 0.432 
864	0.730 0.382 0.543 0.278 
865	0.598 0.962 0.060 0.649 
866	0.738 0.619 0.818 0.891 
867	0.964 0.340 0.461 0.863 
868	0.282 0.210 0.939 0.849 
869	0.331 0.864 0.490 0.734 
870	0.205 0.464 0.678 0.748 
871	0.571 0.346 0.703 0.632 
872	0.969 0.370 0.614 0.787 
873	0.414 0.751 0.601 0.876 
874	0.888 0.158 0.824 0.827 
875	0.205 0.158 0.871 0.695 
876	0.168 0.900 0.355 0.846 
877	0.097 0.417 0.994 0.800 
878	0.989 0.769 0.419 0.603 
879	0.680 0.017 0.307 0.280 
880	0.921 0.168 0.051 0.745 
881	0.058 0.951 0.153 0.929 
882	0.045 0.097 0.546 0.400 
883	0.194 0.497 0.360 0.189 
884	0.409 0.177 0.065 0.828 
885	0.621 0.507 0.797 0.928 
886	0.690 0.849 0.956 0.741 
887	0.951 0.798 0.545 0.104 
888	0.191 0.149 0.824 0.737 
889	0.766 0.931 0.046 0.126 
890	0.343 0.535 0.297 0.408 
891	0.077 0.030 0.870 0.875 
892	0.658 0.565 0.808 0.614 
893	0.402 0.564 0.104 0.947 
894	0.831 0.138 0.817 0.654 
895	0.366 0.420 0.807 0.412 
896	0.927 0.755 0.081 0.224 
897	0.444 0.301 0.194 0.314 
898	0.152 0.972 0.741 0.959 
899	0.046 0.362 0.150 0.150 
900	0.818 0.980 0.447 0.634 
901	0.323 0.000 0.055 0.129 
902	0.601 0.056 0.168 0.682 
903	0.332 0.126 0.581 0.525 
904	0.757 0.677 0.413 0.497 
905	0.998 0.543 0.998 0.148 
906	0.307 0.966 0.673 0.755 
907	0.308 0.077 0.600 0.363 
908	0.013 0.964 0.263 0.181 
909	0.543 0.513 0.773 0.124 
910	0.214 0.880 0.715 0.626 
911	0.352 0.624 0.921 0.350 
912	0.614 0.657 0.738 0.287 
913	0.338 0.595 0.489 0.938 
914	0.696 0.951 0.923 0.959 
915	0.569 0.501 0.645 0.342 
916	0.684 0.556 0.505 0.399 
917	0.883 0.750 0.807 0.804 
918	0.579 0.418 0.757 0.317 
919	0.169 0.654 0.300 0.658 
920	0.259 0.354 0.544 0.181 
921	0.677 0.750 0.814 0.322 
922	0.438 0.006 0.649 0.944 
923	0.831 0.826 0.155 0.638 
924	0.255 0.217 0.048 0.012 
925	0.753 0.181 0.188 0.053 
926	0.781 0.312 0.193 0.325 
927	0.506 0.001 0.243 0.319 
928	0.336 0.758 0.329 0.985 
929	0.733 0.816 0.528 0.888 
930	0.158 0.143 0.670 0.205 
931	0.204 0.958 0.337 0.392 
932	0.176 0.172 0.322 0.370 
933	0.815 0.875 0.498 0.058 
934	0.821 0.394 0.952 0.150 
935	0.654 0.883 0.195 0.182 
936	0.649 0.339 0.913 0.319 
937	0.069 0.523 0.503 0.406 
938	0.514 0.582 0.087 0.836 
939	0.584 0.652 0.827 0.083 
940	0.021 0.904 0.104 0.974 
941	0.484 0.628 0.937 0.679 
942	0.707 0.327 0.149 0.621 
943	0.694 0.689 0.169 0.197 
944	0.084 0.711 0.677 0.171 
945	0.628 0.755 0.199 0.455 
946	0.909 0.477 0.742 0.013 
947	0.796 0.497 0.078 0.732 
948	0.888 0.439 0.503 0.036 
949	0.149 0.730 0.749 0.318 
950	0.844 0.402 0.638 0.521 
951	0.185 0.149 0.329 0.384 
952	0.167 0.292 0.081 0.908 
953	0.531 0.704 0.802 0.609 
954	0.978 0.497 0.875 0.480 
955	0.935 0.629 0.264 0.684 
956	0.191 0.528 0.349 0.828 
957	0.922 0.013 0.199 0.251 
958	0.803 0.418 0.689 0.884 
959	0.995 0.415 0.030 0.797 
960	0.466 0.775 0.521 0.341 
961	0.055 0.277 0.884 0.319 
962	0.832 0.510 0.489 0.181 
963	0.538 0.103 0.351 0.737 
964	0.748 0.540 0.772 0.437 
965	0.098 0.431 0.839 0.128 
966	0.863 0.595 0.003 0.385 
967	0.258 0.440 0.212 0.143 
968	0.173 0.974 0.268 0.662 
969	0.606 0.201 0.259 0.957 
970	0.613 0.704 0.478 0.386 
971	0.902 0.484 0.572 0.740 
972	0.801 0.603 0.207 0.804 
973	0.143 0.062 0.427 0.355 
974	0.186 0.528 0.179 0.454 
975	0.334 0.060 0.392 0.593 
976	0.330 0.207 0.721 0.808 
977	0.862 0.709 0.076 0.435 
978	0.688 0.235 0.053 0.895 
979	0.041 0.038 0.101 0.468 
980	0.305 0.654 0.921 0.484 
981	0.112 0.818 0.168 0.504 
982	0.185 0.833 0.618 0.906 
983	0.210 0.768 0.350 0.286 
984	0.800 0.974 0.438 0.853 
985	0.476 0.894 0.906 0.577 
986	0.299 0.882 0.017 0.220 
987	0.125 0.332 0.184 0.293 
988	0.596 0.477 0.670 0.214 
989	0.311 0.424 0.152 0.661 
990	0.354 0.461 0.684 0.792 
991	0.553 0.269 0.208 0.460 
992	0.571 0.759 0.728 0.587 
993	0.094 0.712 0.312 0.278 
994	0.148 0.874 0.482 0.818 
995	0.866 0.129 0.512 0.017 
996	0.222 0.372 0.252 0.907 
997	0.566 0.460 0.432 0.775 
998	0.278 0.346 0.678 0.005 
999	0.658 0.099 0.645 0.970 
1000	0.650 0.118 0.251 0.132 
;
