##############################################################
##					Mathematical Optimization				##
## 					J.P Zaldivar & E. Millán				##
##############################################################

param m := 1000;
param n := 3;
param nu := 0.5;

param y_train :=
1	7.489541203520211
2	9.713051340889594
3	6.517429872236647
4	5.352334779794319
5	12.129552199237825
6	10.898186691331922
7	10.720881870946695
8	10.137318447583363
9	5.0805482919649
10	8.084702753984693
11	13.62524303738097
12	5.2782967600825765
13	12.855793955063834
14	12.980657396416419
15	5.194877911855339
16	10.861289568621066
17	9.912523119319005
18	10.34381872077971
19	9.269538902182735
20	7.37948956198832
21	7.518387768589459
22	10.004485736080317
23	8.445048127059925
24	12.145718046609552
25	8.656511392318631
26	6.068651481376302
27	6.1346510680932465
28	5.233026440421928
29	11.479730098615505
30	7.467415140665704
31	6.585788590275272
32	12.547809352755674
33	10.065579167478115
34	5.488422834057756
35	9.848879528617685
36	6.210539852853916
37	11.090724197835657
38	5.828963771379442
39	8.906378096982188
40	13.081426255379807
41	12.22646031087712
42	5.353073400324846
43	13.767600252509839
44	10.92525343407055
45	11.486693968286477
46	11.720434888560712
47	13.07910698461025
48	5.974797156093564
49	12.035201883754192
50	12.610272915834994
51	12.528402242029896
52	4.987187198586813
53	8.391581882214801
54	8.833391919472547
55	9.619258852570054
56	9.357604497326896
57	5.941656004783452
58	13.989985188245733
59	5.331618775969635
60	10.172012789331616
61	10.186062752031775
62	13.70681146281328
63	6.573252743186629
64	5.49771237981841
65	13.042612979989572
66	4.860322113776728
67	12.210691878468273
68	11.952413303582391
69	12.93120803506202
70	13.346523132227503
71	7.2930175263641175
72	6.940228610657254
73	7.638969559155293
74	11.457167794812698
75	5.4921525960736375
76	11.07869872121131
77	12.803793358398437
78	11.24278826289171
79	12.111628451168443
80	8.04198633611969
81	6.7876503398443155
82	7.02496927817104
83	11.568090425556516
84	5.316779001106652
85	8.988763811673037
86	9.308639527126731
87	10.752491948545
88	5.7130068402588625
89	10.118535280250203
90	13.763434854620074
91	9.57256394742723
92	10.082863514428842
93	14.024132389456401
94	12.562012613388978
95	9.407282576774941
96	5.46779754301178
97	12.921813492842565
98	11.433070051933548
99	11.61238243310374
100	12.474824482100093
101	11.733652631492202
102	8.605412534080008
103	9.563372467386039
104	12.690854606440624
105	12.806973165096379
106	7.638816597815724
107	5.837579235169489
108	9.62231641848224
109	8.943643689556431
110	13.16912231364082
111	9.359769033498827
112	9.466977573655475
113	8.153598304115075
114	12.092047813601416
115	13.646352960327546
116	5.937751610171353
117	10.943229135418521
118	6.255529632908716
119	7.624068238399329
120	13.82266355458801
121	9.263187076426057
122	9.80881358419421
123	11.415037870072558
124	11.191280531393998
125	5.0608149875840915
126	13.083199355809517
127	6.489753268004496
128	12.082826958957293
129	10.781249703111396
130	9.287166646777653
131	13.468431303519786
132	7.255961370775365
133	12.385845143519987
134	11.26300619561128
135	6.932218166824891
136	13.697055180390208
137	10.229990543677305
138	10.207660984019789
139	6.194054011138769
140	8.720185934335289
141	6.927418338777345
142	10.372037197590918
143	8.111043293270122
144	6.303983734580639
145	7.985109660037724
146	6.734164259729114
147	12.200641725426062
148	12.1740735129159
149	6.263145309417685
150	11.784403527356746
151	5.239202201766123
152	6.903371124126459
153	10.83940350031235
154	11.481658127527876
155	9.23674858406388
156	7.89433225935441
157	8.385284227157358
158	12.806361845705666
159	9.532084817605982
160	12.956148149813508
161	13.632362206802947
162	13.531471440781804
163	9.359162015128812
164	10.372140388901292
165	6.664921174316258
166	13.724251133101635
167	14.012858447533764
168	12.529100424350712
169	9.781877705418133
170	5.499712503893892
171	7.670708868891317
172	5.712484678024861
173	6.6436074692338565
174	7.78032758777366
175	9.43994230839058
176	12.990348213832219
177	7.172340317338362
178	9.708810350534277
179	12.665607011724482
180	5.99947894207471
181	8.484411411930017
182	10.070236580137433
183	6.465786100315515
184	4.841658606196234
185	10.299294208380243
186	4.860501553433156
187	10.235249711456404
188	8.563946086089203
189	6.867118869107328
190	6.502001048177176
191	13.32006621197456
192	10.275084933326069
193	6.325857691647816
194	11.446152291726916
195	6.9596901408012934
196	13.400197778605445
197	11.51023502340487
198	11.092237754828503
199	14.01285936326123
200	9.799367612765378
201	9.399397766238335
202	13.177040098570961
203	13.77456605642705
204	4.733171496869745
205	12.545339172113527
206	9.964451281691995
207	13.524713726291216
208	11.483538159352939
209	13.742125571497333
210	11.867213789319884
211	7.199533464530121
212	5.991817029841749
213	13.209669318674154
214	9.576264753492248
215	12.718139279827914
216	5.2335524114488
217	8.764591094597519
218	6.649812953970344
219	12.91751867004685
220	11.253505248858875
221	5.300770339628585
222	10.506394330589627
223	12.622461486789755
224	5.030779714455243
225	10.486150266176544
226	13.438009514441845
227	6.139873329095116
228	11.573027603880346
229	6.133840443285203
230	12.628748571647263
231	6.4335208258874195
232	8.398451559201115
233	8.107222999783811
234	8.462905507884052
235	14.0449629764414
236	6.58549370344945
237	8.192519440020888
238	11.963758712021816
239	8.910849127791721
240	9.955112148540124
241	11.911041280908359
242	14.135125380149036
243	12.42115140459658
244	8.84947200023788
245	7.935442560506399
246	7.879224524048783
247	13.001132276888903
248	11.795680810571456
249	5.439232160691922
250	9.672127786570394
251	11.055899992001677
252	9.308107957589886
253	9.650620316522746
254	12.80702011639636
255	7.87580320782597
256	5.9861989142405125
257	10.458649525911115
258	10.934815485639698
259	13.920699264112427
260	12.461645533795245
261	12.051060387211388
262	13.598562015515727
263	8.470204883148584
264	7.560916080746876
265	11.246749730953686
266	9.984614941021064
267	9.574129775111047
268	6.811279790199775
269	10.837174486945015
270	11.09651356226204
271	8.353632378866223
272	7.176141243120529
273	14.125493885145994
274	7.2044482737601765
275	6.265137555634148
276	12.093855914238837
277	9.238468128688222
278	13.697200052743076
279	8.132057514828686
280	10.395867925727467
281	4.80203259644579
282	11.952310397426093
283	13.815657883854351
284	11.175884846917803
285	12.603890059915688
286	5.683348312677461
287	12.141580696117106
288	8.770689936590895
289	6.36415630818209
290	13.198248568568172
291	10.961199538837596
292	6.7456525745813005
293	7.231122244105291
294	6.1759451638517255
295	10.867592776613654
296	11.397863596615494
297	5.297222089024486
298	13.911247595031226
299	7.556341854550964
300	10.903333440231275
301	12.20926545427971
302	12.959955098654083
303	11.365854680225445
304	10.963753090775889
305	9.227638021226053
306	8.095680840147455
307	13.707092097803297
308	10.45368568601585
309	12.789191185932467
310	13.01021664994134
311	6.4013635802346895
312	6.756130144511472
313	5.045692638071884
314	6.130709947405369
315	5.799841301908818
316	13.229417675890554
317	13.949825581625126
318	9.51819509862428
319	8.919878835554961
320	11.16551766876446
321	5.88162811890086
322	11.298997905841137
323	8.853597678455007
324	10.893036025663564
325	12.223469337422667
326	9.880880321006952
327	7.589313635709665
328	7.8151254531878385
329	6.695325262875011
330	12.134009554261086
331	8.521716793531288
332	11.402721969298664
333	7.423096978339925
334	7.40905737156463
335	7.853818376196166
336	9.475916529168424
337	13.400336090296953
338	11.514298168648702
339	7.2283871027774
340	5.065249039999998
341	8.880729157365925
342	7.44331346577233
343	11.987105010652147
344	8.487936475997051
345	6.467531818723053
346	13.084574439408893
347	12.340243504291834
348	7.937061890790714
349	7.423815174614309
350	10.554737843127201
351	11.980953904512198
352	11.329638084993158
353	12.998231224053448
354	10.252308747152105
355	7.374242460030859
356	10.408703412985034
357	10.785194307676875
358	5.407405128684842
359	5.636342699751139
360	8.600081448837413
361	7.896108447837543
362	7.960936690783036
363	9.360846861705742
364	7.693400302939005
365	6.572370111340547
366	8.844307440743327
367	6.501366627410311
368	11.180023437174283
369	8.445617368251455
370	8.158470481630234
371	10.322754433264839
372	6.039290886302457
373	10.829751759009202
374	5.8147539254134655
375	12.376713596162238
376	9.177518207856549
377	5.410928886652057
378	8.818005783521492
379	9.385319947664572
380	8.7276495011571
381	5.662078357339307
382	13.544672439537658
383	8.980995685989033
384	13.333989389352325
385	13.980002879641278
386	8.651267941403123
387	13.674469790108875
388	8.43291406571509
389	8.508144850409451
390	5.607813526862385
391	12.463936119128187
392	7.54927369236702
393	10.364419328831719
394	10.329694683377554
395	9.26974907988942
396	4.974884517085564
397	7.50462094924494
398	13.270927561573517
399	9.791807428525829
400	6.088848557164447
401	6.141202549778676
402	8.532349575147993
403	5.954364472693379
404	12.318702496304635
405	8.846512721693061
406	6.615785070375655
407	6.682001919006089
408	5.014090183061324
409	11.324101665667024
410	11.33577870495395
411	11.993482902405484
412	13.628589186696654
413	9.311684287093259
414	13.677979157947613
415	6.798917418797981
416	13.173249344696446
417	5.4683686513263865
418	4.733750552553743
419	5.53428667211568
420	9.71946921315666
421	7.65382864105115
422	11.96493445616219
423	8.65952174804765
424	9.92491161605856
425	8.940062232474915
426	5.081474349761139
427	7.169382754334931
428	5.192651795367299
429	5.6809596681228305
430	12.583080842694413
431	12.061110180474003
432	11.831380358912998
433	12.73920424340217
434	7.300222273411849
435	8.19463555892599
436	13.279460598735227
437	4.794579390632499
438	7.608593840291259
439	7.309404153151266
440	10.403563654504033
441	12.39213968768705
442	6.974663312804459
443	13.664837376645247
444	7.841637336315884
445	9.383762598343843
446	5.460929740321787
447	7.7189633510542235
448	8.126207373470105
449	11.181267009221672
450	7.659650125230232
451	12.42248356664148
452	6.6940251914728055
453	8.57435482896245
454	6.95645163015609
455	9.638760020842605
456	13.487083008807138
457	14.029021775413476
458	13.723414034947648
459	8.335694551690567
460	9.498412672361892
461	9.502726160633676
462	10.16991156838107
463	8.988153109082425
464	6.918383990034754
465	10.691082609471271
466	6.02555648548364
467	10.385107906457508
468	6.024658469427257
469	5.651654362001417
470	11.31484988715778
471	9.184649658989276
472	13.736068631916927
473	8.783514342409115
474	5.245022174244888
475	4.872243031404139
476	8.343029722524488
477	4.841566774937226
478	9.702151785876307
479	9.932990457870257
480	12.764046256623358
481	11.264830128797243
482	10.888636651189742
483	13.757253442052184
484	6.191691731673718
485	13.261486866260567
486	9.680134822191901
487	4.947021225197706
488	8.659093935110581
489	10.717578761119205
490	11.866257702122217
491	5.664379372812355
492	14.00829900308094
493	5.245376111500841
494	10.06944638027417
495	12.710327012190813
496	11.888441870637429
497	10.994150943341785
498	5.060451149340665
499	12.861126879349378
500	4.915870563237939
501	4.838607305370757
502	12.419255187947037
503	7.078349888588603
504	9.80869155898136
505	10.222689028907785
506	11.26591314205293
507	10.104520799998278
508	8.45314717389552
509	7.0127229387422405
510	12.055892417140331
511	9.4220301121936
512	5.855993378405938
513	11.129049308862754
514	5.776502968656409
515	8.348205202237564
516	10.54254429477879
517	11.852237535495423
518	9.379085662970077
519	9.736087315654625
520	11.085776190365559
521	12.261913656541513
522	6.688690061443453
523	7.146838664788715
524	7.17114734055844
525	9.896520065430204
526	12.468309481369696
527	6.477858858844564
528	10.933897581229813
529	5.988316297376071
530	6.817822121156492
531	10.98017250597362
532	6.186416944275331
533	5.6785789384348115
534	10.130483370218391
535	8.035254585388019
536	12.665798054614724
537	8.25964431368275
538	6.783403027151295
539	9.29681262536581
540	14.115250962535434
541	4.883684866035707
542	5.400289245262576
543	12.963114394658257
544	7.744296225086337
545	7.166038740903593
546	9.988825553360085
547	9.659066787793256
548	9.338096696552148
549	8.654830862822257
550	10.31620392276213
551	9.0767367232893
552	10.542534019248784
553	6.865359795701233
554	5.969407478652582
555	11.708195716168648
556	9.791373365928795
557	10.448036951187097
558	10.477704519226043
559	11.743670731083517
560	12.685138763831537
561	5.395785795221594
562	8.77770454606341
563	9.168780303118325
564	10.666816717977593
565	10.46819995021065
566	8.094460938631382
567	7.789904511154495
568	5.0019819972494295
569	8.00412580739122
570	4.919955466621907
571	11.618044257612128
572	6.193219819077661
573	6.937686876965675
574	10.05909712712384
575	13.80289304466716
576	9.52859918145107
577	10.945618260202208
578	6.906914875214794
579	12.214409612335166
580	13.220734325820832
581	10.609931236507101
582	12.464511071114297
583	5.88934325257293
584	12.871168333678352
585	7.123082085028168
586	7.30813762980703
587	8.346384404795645
588	13.07970256107271
589	8.129939915322696
590	4.734362834047945
591	5.077298785839886
592	8.866984788882037
593	7.966345615931361
594	13.420072532918498
595	11.059299340936114
596	5.675083636310297
597	10.242604288472286
598	9.571644533477697
599	11.19314730364302
600	7.639623681720447
601	9.610919750223044
602	5.177860251239069
603	10.616276677711639
604	13.15079019556141
605	10.235688972594179
606	12.078356042039728
607	7.988583962927103
608	5.00148682468776
609	12.650693155789483
610	5.26045815492405
611	12.666175796741278
612	5.442694162092082
613	5.958655554203329
614	13.412169669521424
615	9.351162950764474
616	9.163347037681866
617	12.629015268964462
618	11.125474581505697
619	12.21909428359001
620	12.239394400303729
621	10.7060189001318
622	9.203951597699733
623	9.555198566092535
624	8.366951205992155
625	10.092302322250426
626	6.62196801024389
627	13.711307682659394
628	7.24490923427131
629	7.325428971475005
630	12.180367041166738
631	7.988180470213643
632	7.87869729692028
633	5.0897608619152415
634	13.271172201944742
635	7.496384206244838
636	8.968689790604298
637	9.04194834972769
638	11.756940641921462
639	5.378702646732715
640	11.996448979005796
641	8.577435627952404
642	11.700623310664769
643	10.173375942279707
644	13.449221126833043
645	5.183166911234404
646	10.381697323820054
647	9.164174038890913
648	11.619051262869117
649	12.838736680055222
650	11.977806335689595
651	5.440407283968352
652	8.548319493739728
653	9.46526764481454
654	7.5093673072165465
655	8.698333970018473
656	6.068262481492926
657	11.833823288927283
658	11.200872180294864
659	8.12591765474273
660	13.918752182184624
661	11.7348503394398
662	12.40507125672781
663	7.790123379809034
664	4.775298758146156
665	8.211104867098586
666	11.448122515552386
667	7.53514418826141
668	12.634300413682764
669	8.090820112924673
670	12.103467267716509
671	11.103561430131307
672	7.08558244085035
673	11.15219697904951
674	11.455757338147222
675	13.766250556820085
676	12.853454165863752
677	12.414358387930163
678	6.911418972973693
679	10.263831322794488
680	11.641022952868187
681	13.425055889252125
682	11.395685366428701
683	11.70568388252439
684	10.632776616660408
685	8.119996659295827
686	12.320004269741165
687	10.092797339201159
688	8.024533984036267
689	8.800330463186791
690	6.693014473422581
691	10.707556428163734
692	8.023552637098225
693	7.919360371815609
694	6.679636336952481
695	11.867521270166112
696	12.060315915157966
697	8.321636309774194
698	8.363441016734782
699	12.76925711662641
700	13.492334586692403
701	11.484923666392108
702	10.610387547728294
703	11.821735242903108
704	12.329312082020843
705	10.743702067615395
706	8.81088023121214
707	11.071136910884224
708	7.8932428025615735
709	6.278733949487034
710	7.014229556910495
711	5.247632701502581
712	9.194267021996458
713	12.849622905845925
714	9.519447236688992
715	11.247965235726017
716	12.893400651324418
717	14.022339685094504
718	12.330187754174974
719	13.2896655716491
720	13.681679894930204
721	13.771915895808787
722	8.242815119296555
723	8.821068259191131
724	10.079679389360024
725	9.07316948668674
726	13.61418111293373
727	12.597299565231156
728	4.837417997973846
729	8.870336860343867
730	9.670232308376642
731	10.85000986837686
732	13.886115704300206
733	9.694826058913417
734	6.841000726062829
735	11.945465930660621
736	5.607559006206102
737	6.397892591089234
738	11.021056412937815
739	12.46546159801409
740	6.256451645796068
741	6.409993567101081
742	4.742086150606569
743	9.649644717943442
744	9.954698612028434
745	11.245456214265909
746	8.552078114126571
747	4.817430077478396
748	9.489994273387012
749	13.948967864433293
750	9.215345131896477
751	7.504346308546941
752	10.104440607217937
753	12.648960381903494
754	10.260893787828833
755	12.661159102921049
756	8.572315912585028
757	5.68438019444254
758	9.963693112164773
759	8.409501803760222
760	11.819637880592506
761	13.957484661619343
762	14.002463159740445
763	13.276139826041595
764	7.643100991067168
765	12.510512545545872
766	12.305794903487046
767	9.581893110624101
768	11.854816501307214
769	8.842735431135083
770	6.104731921734458
771	5.777412370541881
772	7.914798847681942
773	8.859310324078528
774	5.072931404677664
775	8.537510124895705
776	10.359846811123075
777	11.479971979523516
778	7.61170256405831
779	9.838923467992812
780	9.986376049010067
781	10.4873187459773
782	10.511477406406053
783	9.38738595187738
784	12.604898183007307
785	5.771615154629998
786	9.900246221029105
787	9.799552581838379
788	5.20934108283048
789	5.956996822392474
790	6.513095704676244
791	5.2710442707186385
792	13.619350204898613
793	10.76888430011909
794	8.110812248725878
795	11.274043551383283
796	8.596126346443492
797	11.459873764256828
798	8.692888949756004
799	12.97538945765406
800	12.56867911131771
801	8.88451192525533
802	9.55429637740593
803	6.517413213921339
804	7.619868569763555
805	10.002487325635853
806	12.559949680458525
807	14.119837245220808
808	9.401859904087496
809	5.341532157267948
810	13.88709462606497
811	10.963277599955061
812	5.613529786790329
813	7.962699987182941
814	7.082549174127329
815	8.312984875087052
816	12.112496224096033
817	10.012497994735252
818	7.754744875845422
819	6.997808466556889
820	9.769650630067156
821	9.58141257256395
822	4.809836864610258
823	9.659400773775973
824	7.929911009506698
825	5.015675217683408
826	5.991011184846956
827	9.523734834380727
828	7.8202679114250815
829	13.680274075053815
830	6.930243547437739
831	12.978451683617358
832	10.196811865070861
833	12.13949810417239
834	10.412654157449522
835	12.733265583284332
836	12.09650528421743
837	13.876925796781894
838	13.17830763556692
839	4.845317128650596
840	10.830259801928536
841	12.555894970623847
842	12.201039970184457
843	10.663305510044292
844	12.078793534633428
845	13.235707934961788
846	4.895988200840437
847	13.984960286857696
848	5.390459217662725
849	14.080901573463436
850	6.291913754622218
851	9.762936244645088
852	14.111563902658345
853	10.021825761354174
854	6.789193786589808
855	8.597766689536394
856	10.010734690452738
857	7.4920932516717995
858	5.0170976518709205
859	9.032801867467912
860	12.864190550241862
861	12.82962947493472
862	7.029346546194675
863	9.455454472251603
864	9.491628818643797
865	8.893863593503367
866	4.743687659912273
867	9.425096719024895
868	9.007240520287038
869	8.544633934818908
870	10.117292360579913
871	12.04458977175751
872	11.784305473968747
873	8.463345353071878
874	9.94008135012236
875	9.525943659819749
876	11.58188296001221
877	5.077844271218695
878	13.32984134273419
879	5.214835835738974
880	10.661666946327276
881	12.46449539059901
882	8.91050244502616
883	7.552672762801383
884	9.143764468194059
885	7.870746569960158
886	9.027362256188214
887	13.3157796775885
888	10.98620524474803
889	8.439627041235905
890	7.708175050859637
891	8.764631692855435
892	4.731055931526279
893	13.732811345500194
894	10.51904748311511
895	7.280380002900403
896	9.999147492545575
897	9.315184150329326
898	7.397001632332888
899	7.334959927225244
900	10.073738315447946
901	7.135816825878545
902	7.651138830466822
903	4.969563520359303
904	8.83938806425346
905	12.648340982127223
906	12.037923145845845
907	10.22794163437089
908	12.409370554513727
909	4.740036685520965
910	12.111201321024048
911	13.536124765623413
912	9.458689048992133
913	9.920728850261304
914	4.821900743013918
915	6.9646821344049386
916	10.730310613678318
917	10.648240617934743
918	10.77837312817904
919	10.4751142923213
920	6.968756603175887
921	6.000853149381053
922	6.936828692169458
923	7.360703264047124
924	8.943139109312146
925	11.625808516572835
926	10.789913888744671
927	5.557058359022619
928	8.938669190752542
929	4.982799855181721
930	12.021874013051882
931	9.231563364100547
932	5.90235067258497
933	6.397755756524351
934	10.280428355828196
935	5.173374377004285
936	5.915835483443331
937	6.613032121952603
938	9.72452103267908
939	6.575992565784846
940	8.614664939132936
941	9.109954070877903
942	8.61038320208913
943	10.360571598025036
944	12.042114224243097
945	10.482426874928878
946	12.024489341186454
947	6.6443999346010205
948	11.29180299756833
949	5.223849239394316
950	6.0445424137069566
951	5.249786079172404
952	5.8428670960993845
953	7.982327806833707
954	11.388858075211104
955	10.419044619104607
956	10.054240783006302
957	7.217365646543073
958	11.560673197080083
959	5.210347627166456
960	5.4673142592867725
961	8.03675396151574
962	14.107011574400907
963	7.601522173441928
964	12.213279998850957
965	10.335120876310063
966	11.574919460849319
967	5.14718273921789
968	7.511027480924246
969	9.717373025381574
970	4.872378163208607
971	6.767838195368282
972	8.91728512887119
973	9.694915928497684
974	8.954856875130309
975	10.387782444963275
976	12.79128895351278
977	8.941021059214657
978	9.49067043762161
979	5.096374265546964
980	11.344918147333809
981	10.594636492940579
982	6.464453241709538
983	7.904343976387101
984	6.127921685103743
985	5.790398539119941
986	5.945524371262811
987	12.035975134782664
988	4.806956132688665
989	12.446914582282965
990	13.670956719959
991	10.081780200905982
992	11.823425575565835
993	11.945215030086088
994	5.409389812527144
995	12.103110092184536
996	5.678373946614141
997	6.690325638601315
998	6.401519713857689
999	6.517081622233988
1000	7.7773038498049605
;
param A_train : 1 2 3 :=
1	2.6355025733819466 17.466774586796774 6.8718133227037015 
2	-9.210449595673841 6.8414398009834825 -2.7135291573200435 
3	6.309170574873975 18.78256082161593 1.4519092955584074 
4	3.339451748802416 8.673172692108842 -4.152616602310399 
5	11.066988844481019 11.913027550116219 -5.14635145556071 
6	-0.9915383396614208 13.86289966966293 -10.814232513692144 
7	-2.7860807718865055 17.381158354384517 -10.341177321118254 
8	-7.6846735429675 0.9942985057786362 -6.689162240228009 
9	1.8943900885546856 2.0506136215719537 -4.736918482806323 
10	-1.7596425724590572 0.40426245014839457 7.95576523419126 
11	6.63977894395136 10.072893702029276 11.919543721444416 
12	2.916178439083199 8.566471010652608 -4.4338276473584814 
13	12.367022942627422 16.679427297529713 3.6495507993412764 
14	11.91948334664081 13.296266956938869 5.404582919157828 
15	2.386642868683688 11.759114358487938 -4.736700779849006 
16	-1.398478391517816 9.941469437843029 -10.746179188385897 
17	-8.68576044448635 15.416676963470778 -4.51576673643031 
18	-6.321633137659251 6.431356272442064 -8.173880885983985 
19	-9.046473046610709 20.462505612519603 1.3675687453869738 
20	3.272747515005196 7.484882233492289 6.527409240000454 
21	2.390110235722802 2.8637916240783654 7.281284596186268 
22	-8.323288460008117 6.589631476986187 -5.4608638590649035 
23	-4.788981564150508 15.611127947102208 7.06029573375771 
24	11.047601550642025 3.6078034132608288 -5.000912595070281 
25	-6.285628253447175 12.235122591051844 6.125844092742983 
26	6.080821645932 1.7595904353867713 -1.1647699603342825 
27	6.001073382656871 15.737408750861299 -0.8820241190253159 
28	2.520522223485684 6.957641050516131 -4.546604651789911 
29	5.261537947555248 13.456976428659463 -10.33113473972921 
30	2.9946856834492293 9.909412152677003 6.9853266989038865 
31	6.346215462645131 7.3160891574220654 2.020419994907294 
32	12.594825464541756 11.271127461541333 -0.11054472616338397 
33	-7.903962073575509 18.08241124425001 -6.078404931745425 
34	3.8691886232509622 3.7145248103340305 -3.95407827930056 
35	-9.129624299674958 8.093198466381498 -4.068334434921374 
36	6.214650493340573 19.90572390926805 -0.199433457471054 
37	1.0511383877898246 11.387799067279003 -10.948239306185675 
38	5.469841465584568 17.21747891645234 -2.7432527148639982 
39	-7.6969147584343895 7.840084226478147 4.364573281521035 
40	11.358731176591979 18.79149658109336 6.284777092232162 
41	11.485651606183982 4.670960135203171 -4.113312430728854 
42	3.16909784202981 2.65616450917438 -4.281354943778177 
43	4.785788180242351 5.329459993871311 12.813745897704562 
44	-0.8049628369344807 2.332424019677047 -10.872903981007827 
45	5.366312999824801 1.8321216255623174 -9.940245297092387 
46	7.590143331818562 12.453514214212847 -8.615286691034765 
47	11.401541437176201 14.64172716420493 6.536587899756032 
48	5.721879594513663 12.691271640641212 -1.8697731489476663 
49	10.302118858329866 10.071578661953726 -6.202823647566885 
50	12.638451196900423 16.636302888542808 0.5229749993192437 
51	12.545833735741159 11.69030275887455 -0.4255582431589864 
52	1.3068364976533438 6.340935527639988 -4.629263124504933 
53	-4.2325721506935245 17.28896444832547 7.317591365658721 
54	-7.560865891496342 15.093163018102898 4.861378853548635 
55	-9.244867440457464 -0.05456695115140142 -1.7256899634054497 
56	-9.308982188923505 4.031151267791452 0.7571049619507969 
57	5.734578930317185 7.154013269519579 -2.037200662237201 
58	2.202630536120105 1.611312588796942 13.84156009581185 
59	2.856239669516731 1.525991735460962 -4.3433699962090495 
60	-7.376876841522964 18.934956917600967 -7.034009571255363 
61	-7.357164593210499 4.976683099393847 -6.9707312127432255 
62	5.680718405640815 13.044739164608677 12.379730833861306 
63	6.30411984422761 6.731511716256394 1.9169348492248304 
64	3.870758854580929 4.675571749326959 -3.903737813599517 
65	11.477214876469509 9.295033602300448 5.900047876953842 
66	0.831352173155248 0.35396213845577196 -4.763584962121467 
67	11.456648810017953 16.953408697141278 -4.2780212950171865 
68	9.969563557108025 2.174438250617949 -6.822221848799772 
69	12.098525558153334 4.985042959843164 4.412898598122485 
70	9.294134912766177 17.40151163332184 9.349938183068026 
71	4.11952581069408 9.730107891586806 6.209672543604216 
72	5.432523739956071 1.21509202925365 4.119310407718088 
73	1.5356016955278358 1.0714193057612393 7.592899849010454 
74	5.096232719217004 7.4172970445703275 -10.11785990725925 
75	3.6800909190817035 3.7780725839813165 -3.70667635235381 
76	1.1933173300670994 13.231410846313915 -11.091960611564648 
77	12.564807987060437 14.433427558746473 3.0132618479032076 
78	2.719787678341689 0.23799644388946284 -11.06621288514703 
79	11.093875349313151 18.80381023078081 -5.374626657569244 
80	-1.6078111175112155 14.428365036642871 7.883838678414887 
81	5.961798900715876 19.78972655896376 3.2274297351604524 
82	5.169550033004187 11.258031785670468 4.579078387136507 
83	6.286776189686948 13.27056554432411 -9.593538396496994 
84	2.9552816430580306 11.008724890259227 -4.318060119918999 
85	-8.051050530997447 5.960086716745387 3.691791327209305 
86	-9.334251015213093 12.562045621430494 1.1679909900185326 
87	-2.4950247683903424 2.8260595723207516 -10.373149155888825 
88	4.914418973809195 6.212637331322614 -3.0143838869219315 
89	-7.817599215469697 5.618499771082226 -6.426595662418817 
90	4.939776257364087 16.89715984880377 12.77839834635956 
91	-9.361637025601958 20.977151735597552 -1.44608614193535 
92	-8.282135458467696 4.601134855838552 -6.10994530081926 
93	1.5736650846440405 14.659234617407831 13.942342636801806 
94	12.489632360861885 20.94850509882457 0.06261363008706071 
95	-9.282851201638564 19.91895108985079 0.265586797024861 
96	3.7075634577145484 18.03825560840534 -4.045285858038586 
97	12.05477804985985 11.84726675038343 4.600813539367475 
98	4.700207216510703 5.4290598326745965 -10.234322408884585 
99	6.55292627083754 7.8172723650101 -9.46766043200027 
100	12.529989630802515 5.178697130917114 -1.112344657875453 
101	7.8567521452023925 19.112044191945866 -8.547189686416381 
102	-5.832173901969137 7.68410139577347 6.325212161532471 
103	-9.454430573434449 1.1160738658142093 -1.2086261157190732 
104	12.703148994152738 8.859373439095938 1.6314416132961327 
105	12.398302216393153 9.134495543187603 2.9812940311692078 
106	1.6030199938170298 19.02738003747935 7.51722440937011 
107	5.382317730841262 3.1550996818574304 -2.6985212090205515 
108	-9.574494159426004 10.410329288301005 -1.978562539356587 
109	-7.831557811553782 9.596984523967738 4.094922633371598 
110	10.98117241486526 5.387393182982522 7.489968060715719 
111	-9.267787943652065 12.559487426460779 0.7495714050067299 
112	-9.447649706500828 12.670972390247323 -0.35135791200676975 
113	-2.330757256848714 5.6352852252515575 7.811607958464949 
114	10.815035677889037 8.620484177214763 -5.641754425341787 
115	6.540056300749524 8.59768095487196 11.787489408342894 
116	5.654195976585532 20.276772850624496 -1.9178001758413912 
117	-0.4272959335908642 9.845982690057873 -10.906459868376825 
118	6.213320233478805 3.435954847449895 -0.1315645718257908 
119	1.6853931908164141 18.817896005163252 7.6029987084424775 
120	4.1795614381549555 10.460907422313875 13.150177184037142 
121	-9.006418495075351 16.613989286851464 1.4081902892385898 
122	-9.036057833425799 12.519930102016344 -3.748091666733387 
123	4.469536074623978 3.9882701444769655 -10.309833248714096 
124	2.1909282815060362 1.225683761188279 -10.877959897870964 
125	1.6601318806810625 18.51370333550959 -4.6527673661788995 
126	11.3311778321978 8.014274067407552 6.385771714709879 
127	6.476026795497061 7.11694270592946 1.270102838453958 
128	10.790090199802242 4.675137813472723 -5.7354670801992835 
129	-2.285010931697819 4.045639011935336 -10.443920842405257 
130	-9.297693371939449 1.2450044449033122 1.3741063653346406 
131	8.401050478846209 14.995165246272501 10.642688590199084 
132	4.25313852677134 13.425840128655079 5.954320494886151 
133	12.146297855779107 3.6710920022310787 -2.256072880100557 
134	3.2176338737613 8.758180475073301 -10.997689671475198 
135	5.373056938095094 8.303890522827459 4.011385985033623 
136	5.990810569941907 16.569775182179573 12.361940748714332 
137	-7.186014055023136 15.11169770027677 -7.380456737282045 
138	-7.284864702254041 1.319417246406458 -7.356321404393506 
139	6.070565413790935 1.6010341199827545 -0.7501295131925749 
140	-6.507853159660314 19.315624259827217 5.6242848360243585 
141	5.663149213219359 10.768743830286887 4.123916615710666 
142	-6.162551374574361 14.328070264941221 -8.298408029870572 
143	-2.0673978676863287 12.812673800171043 7.8317174680032995 
144	6.302509266910104 18.145889390609923 0.17688515747789457 
145	-1.0347670224330252 20.518244021011686 7.928914303616037 
146	6.135971841199671 20.16367614723035 3.0567629853226603 
147	11.530166917780008 16.124920749904156 -4.389581931432693 
148	11.230968887125826 5.930734993497147 -4.419085510483753 
149	6.158705090513189 15.574850577835521 -0.1445874993500923 
150	8.504026049228148 18.646458364900536 -8.376771843489596 
151	2.7358984802936614 5.31886451110987 -4.4213779668877295 
152	5.611619535728108 0.36804698818379106 4.084603359602921 
153	-1.509855062525407 13.691083914053223 -10.776226816745707 
154	5.46935601132471 10.457652452429677 -10.08071224128017 
155	-9.029691716709145 17.560650617690534 1.9235391359590417 
156	-0.20694732559568452 14.859027111871216 7.815103996073226 
157	-4.103791090579516 15.650760565072513 7.3491537648472045 
158	12.43676396776595 19.538593648564405 3.0370190385667772 
159	-9.5601400623588 15.231256711997196 -1.0174808873075563 
160	12.028511174213184 4.537881519573922 4.850524366516682 
161	6.658566057266239 8.889930895235242 11.82375053263565 
162	7.719408243421533 18.684313817430848 11.218349708013683 
163	-9.406421471741623 20.203477788623967 0.5443542718592733 
164	-6.147544852193777 0.27805669440500935 -8.314270739455706 
165	6.1985292954248665 8.694741878439826 2.47747327892961 
166	5.598770321635852 11.269665164389027 12.588195349701708 
167	1.6919513352074713 8.827796974329509 14.023070017926786 
168	12.637611674888625 17.598192530086042 -0.593756382044907 
169	-9.074365221718343 3.7451512943200913 -3.4210229128653644 
170	3.841338678276809 0.7052704168472391 -3.7615835857673354 
171	1.3988564810001343 4.486869321856857 7.570591199124377 
172	4.848866324014316 4.57669406946676 -3.1244783072373497 
173	6.25471982284379 8.370155684370843 2.382784457467001 
174	0.6388976500028575 3.3280218886329687 7.671582041191514 
175	-9.382418547132065 2.4702041890240607 -0.09267215770015483 
176	12.104635135537576 14.190499894584194 5.350635036891642 
177	4.5906455189690405 10.415220064427913 5.598460501896975 
178	-9.328104070187662 20.811301067503866 -2.675207975013921 
179	12.490334604407883 9.436372345448664 1.1720470625293733 
180	5.789690573407956 3.276842885946554 -1.747186761014348 
181	-5.094082346813899 17.02423775636979 6.68868365833683 
182	-7.982243336881945 16.653283697792858 -6.065750811571371 
183	6.50568082729719 18.40157175101124 1.2468686258545294 
184	0.6645092183740062 19.488594386188094 -4.631957739735918 
185	-6.5182825429850855 11.928246092704077 -7.82120192372317 
186	0.6162390163342827 5.672856807902693 -4.780249114430324 
187	-7.0182004721432865 4.35116068616758 -7.411764119931927 
188	-5.742637869637337 4.697912575917202 6.424628817925305 
189	5.778540684824878 2.9209954901020745 3.8804300600188597 
190	6.310595092404144 19.538095411714718 1.6933051826585175 
191	9.892927456130987 15.766267563339273 8.951404921730695 
192	-6.796518832344472 5.275264046105184 -7.819399474717655 
193	6.24017159170836 3.2947972266260845 0.2825253983347413 
194	4.957104500882211 1.9851285588594012 -10.27774994715123 
195	5.423732088534301 6.671890682487508 4.531786812587877 
196	8.983822181454075 6.542285530660596 9.902841535784823 
197	5.773440207011844 8.169468644133115 -10.026658178066278 
198	0.9995974659044153 14.626488141055836 -11.056741023839374 
199	1.7475873101602952 20.248598097117174 13.833743099900511 
200	-9.247572517229973 9.560471812119088 -3.6086286933241207 
201	-9.44763528630484 18.925065929763655 0.3520272334001051 
202	10.787742311499844 7.563952117055492 7.485020798565652 
203	4.757549197490729 19.256697448168037 13.019283004391712 
204	0.1489095302204964 8.847116215879453 -4.8443917415779625 
205	12.518339524465008 18.774308674499554 -0.2399157233043685 
206	-8.556578650905134 15.981607073850762 -5.091405077421291 
207	7.713787923130914 20.887868118527308 11.100227447864327 
208	5.415948800123367 13.701833520442044 -10.06867704075212 
209	5.337312459205494 1.43406696384357 12.621346009097902 
210	9.077061023197107 6.5484945268949835 -7.586670495801984 
211	4.307151620380092 12.502277221930006 5.749487447124602 
212	5.6324816144369105 20.712774471921843 -1.6605941894820084 
213	10.581599633902242 17.853319648887876 7.932573293788079 
214	-9.46240197400137 15.448661350122398 -1.3686796070930998 
215	12.406826503727563 2.9047284213458107 1.860940629481505 
216	2.656138419367272 5.060244402366994 -4.5301909011276615 
217	-6.7782481773126975 20.237614704463432 5.4068121372785605 
218	6.286022369670069 10.2200019267402 2.4688019840569546 
219	12.110632282027096 20.270438202470228 4.365002376357899 
220	2.762379132515909 8.230875002744853 -10.795988224246557 
221	2.924095998899776 15.32090147715837 -4.183637018971817 
222	-5.0364129538911016 13.711148048700574 -9.20907448646571 
223	12.813803382474733 15.087246254243015 0.6380756556184939 
224	1.45921748629518 12.6411603433294 -4.735806766641433 
225	-5.109299203096373 7.26667722393172 -9.00325833182581 
226	8.64361400269632 12.343820297388575 10.308538852770281 
227	6.147453552898553 14.888479866880472 -0.968764023171133 
228	6.374876713397905 1.7668676267386407 -9.592022424519179 
229	5.973625882717438 9.128362067888206 -0.8874119787324946 
230	12.662056471540442 15.978359744929186 0.7350170821072302 
231	6.239835343597524 9.705032719647996 0.9595876612414134 
232	-4.409205972433982 4.446323882558864 7.313307722579247 
233	-1.84003842842151 1.6867803331723144 7.893148937032332 
234	-4.7615444409237 15.309125489099774 7.058000489276723 
235	1.3185093008076558 6.61779942976229 13.887807472020794 
236	6.235480783990409 18.76766282751086 2.01589208445379 
237	-2.8119187202760387 2.312357183510078 7.67707207541883 
238	9.832608525291112 11.645189353041307 -6.72251149513774 
239	-7.725460114326273 16.62204607466549 4.421341784658215 
240	-8.699787594152125 8.578456342885618 -5.049452832251969 
241	9.431431740775517 3.3852374129120357 -7.278999193633025 
242	0.17242464195874865 12.348573108486113 14.036136470642377 
243	12.321434020077943 11.874017869739035 -1.869719086630139 
244	-7.386241261792371 7.446802593123901 4.900843627835285 
245	-0.5452502227121833 12.334823047183354 7.8078261515810565 
246	-0.2588050346154087 1.8127847865695477 7.818356947308882 
247	11.713241412454806 15.376944474396254 5.472793738576896 
248	8.688268183041028 5.18682547750642 -8.168337164632277 
249	3.4148921875620193 16.712066626650454 -4.243152518555926 
250	-9.245040238312924 1.49996114509949 -2.2818383836778695 
251	0.6850762163925284 3.107330657605107 -11.01940335212724 
252	-9.217861555379017 12.86926231303718 1.124913800344415 
253	-9.289687912243336 2.319497054763099 -2.100264380152966 
254	12.471990859379247 7.658240095371842 3.0198393376710775 
255	-0.18869980586179133 4.901150454665441 7.826334976804211 
256	5.774944452172516 2.1418225707308594 -1.658136045997034 
257	-5.3417010116875705 15.155920173523297 -8.869517203088161 
258	-0.5632261735636557 0.7224568057895722 -10.848546737101374 
259	3.133318423786401 2.5241096151351914 13.613656383101825 
260	12.367790586856454 17.47764295634107 -1.237718746460729 
261	10.362364019194368 9.62301289772466 -5.8903667444641865 
262	6.888034170746175 13.079907915049718 11.869324951333592 
263	-4.755877825975464 7.066215691944761 7.09361664310824 
264	2.143445301824449 9.39173852942127 7.408524981052911 
265	2.736553792408426 18.18338349037086 -10.80495109600559 
266	-8.51732704420591 5.812295849559431 -5.109234514828043 
267	-9.44735629143149 17.095094051172694 -1.4168326429203622 
268	5.974517122527432 5.19504777944223 3.4663656627552766 
269	-1.7510607490519496 0.9139195085519884 -10.756943489162088 
270	1.1599334677161948 14.47287610577284 -11.081604982979242 
271	-4.144805033542075 13.218836346646391 7.433421844877315 
272	4.4425528184876955 15.149643445341326 5.491647298208957 
273	0.004512995217707927 16.16579285603609 14.222196996047154 
274	4.300060534408426 15.878662819610907 5.6347002115593705 
275	6.292126095896053 11.884937813848994 -0.06558115105882371 
276	10.845310289899551 14.605264205191917 -5.3460386299452365 
277	-9.151733675184104 13.492498219850283 1.6517518853095239 
278	5.785089877042093 16.048544048032802 12.473635323235744 
279	-2.2387894362053715 3.0354057876500886 7.690987863491573 
280	-5.974778221287419 13.797010942086425 -8.576827671639716 
281	0.450708798979528 6.783650618395504 -4.746644943503725 
282	9.808903107653867 4.682104279255925 -6.798903144175853 
283	4.349425639829736 8.557079053320548 13.177528961475927 
284	2.0411736706477224 15.106574611583332 -10.857114860262556 
285	12.72300242775987 15.86797162837004 0.38351087994712535 
286	4.539542078594592 2.1741302070520456 -3.1490079204641357 
287	10.924786960366474 7.352048391234191 -5.069438853113528 
288	-6.912070593626969 8.98054485701294 5.557061681310675 
289	6.185533706146746 16.840717921835456 0.6365411821257951 
290	10.525212694512355 11.375569595136682 7.894504748984602 
291	-0.25688281838037835 4.286624166043586 -10.78368752859572 
292	6.225646037454864 8.881758613337729 3.0627462610104192 
293	4.169451142874055 7.245329707358008 5.912281301830061 
294	5.964009143230247 10.834393462743769 -0.5447016831305596 
295	-1.4137367251577995 2.714777184884297 -10.84848012114526 
296	4.365728972540763 13.565288771997158 -10.531324092314266 
297	2.995115773896855 16.128113151269112 -4.273126568910328 
298	3.200352504558464 10.08868510684811 13.61382149540962 
299	2.3506124530276566 7.7937869188092765 7.18178785989849 
300	-0.9994898771670225 20.757410035583625 -10.897685984798107 
301	11.59043724861274 21.045259358540022 -4.406063029463131 
302	12.05407440666849 12.009364105211787 4.820191666297892 
303	4.139288149469682 15.535538109097363 -10.535279367186604 
304	-0.3598311564023091 12.223452679048359 -10.96174758628461 
305	-9.082589283677262 15.812440547215505 1.648678013566431 
306	-2.0806911271638375 3.7745081167498835 7.799833734097306 
307	5.6700972584414355 3.484769723057764 12.389892660527495 
308	-5.281252697913146 9.540764470512427 -8.934570582964989 
309	12.412823352296122 4.321755982614491 2.8001535734585383 
310	11.81820532052705 8.344205064699098 5.628041637184042 
311	6.411177437905945 7.0073959668778905 0.8247606984573725 
312	6.129767943180388 3.630387934563844 3.0766931579692254 
313	1.6796700415129941 7.771381347193627 -4.663710483440509 
314	6.123970930964278 16.200828052021663 -0.9648489701182521 
315	4.934997122959735 16.204752236129707 -2.6563268067596857 
316	10.51056351917842 15.010676483231153 8.051025189721651 
317	2.590440779804449 4.9066024438423 13.653113622583154 
318	-9.425312244569339 19.043222542266395 -0.943560850193781 
319	-7.770959755372574 16.739049410966818 4.372007957661962 
320	1.9566313794742152 5.011681394539739 -10.974307730191914 
321	5.490044741601945 8.772637172592304 -2.2919966154086184 
322	3.3928006630098735 18.837102081471325 -10.823952750478686 
323	-7.390602171727089 11.426696606516485 4.853352339837067 
324	-1.0164436932043424 4.765443104773017 -10.704828594604933 
325	11.533893548773081 18.01497488902835 -4.055288841223342 
326	-8.742914340289781 2.5191690320940165 -4.3764940644064785 
327	1.9872875320901389 6.072493627838894 7.231813584868921 
328	0.26898922312429513 19.441694637559934 7.8569372397036235 
329	6.090979762859415 14.677828286119773 2.6582011144018343 
330	11.047754253118399 1.7376743860443105 -5.170512270532933 
331	-5.252553085312167 2.5135996131676093 6.677256633973736 
332	4.54085746950861 7.384951718197856 -10.40696637343807 
333	2.8609182827887687 20.98299828642871 6.586996442698322 
334	3.1991530771063346 11.278230255441827 6.637636721137807 
335	-0.08370073963033584 19.162065968568562 7.94213239945817 
336	-9.31497765020128 10.048150287772813 -0.5350532353410594 
337	8.947391614876127 5.128666564170048 9.864205899950509 
338	5.828430479937892 6.651368413801527 -9.935119089964852 
339	4.287223403434031 12.654099958900249 5.806630191866578 
340	1.8360979927024537 10.423045301871618 -4.829443353222508 
341	-7.451113482103632 16.253664222767323 4.63643182942307 
342	3.0160225298019014 19.752510518559845 6.771345491316083 
343	9.947466672909654 0.8819726343680298 -6.454259572459575 
344	-5.0258541865161135 17.286857916554354 6.877758620093648 
345	6.508094141793495 14.836551987358538 1.2366898235103796 
346	11.241886121858247 6.092306112116196 6.442173391683478 
347	11.97199543415276 6.610943527019795 -2.872838748343547 
348	-0.6301625316533825 11.88973280890141 8.015031012503918 
349	2.997984443989967 10.51661028045948 6.709266443675533 
350	-4.544669363807116 19.206011367895467 -9.519218737423342 
351	10.032228967259696 5.938587919423384 -6.67394116598029 
352	3.668400737081231 15.992523906202416 -10.766657956696386 
353	11.969247524633518 20.951039576235278 5.3421986347264525 
354	-7.001144047425101 12.933367308959342 -7.40952667772433 
355	3.339954302443164 12.334148989548998 6.517038993839379 
356	-5.754574056353794 17.94480351024098 -8.61970646993182 
357	-2.440058877077032 13.183412435201362 -10.385238508044086 
358	3.651740957974414 11.610448215134479 -4.125358639961747 
359	4.381852444109383 16.42311891708303 -3.2968398583426435 
360	-5.908002143627727 18.035857565567046 6.318460673731381 
361	-0.327794103635055 9.477273851812662 7.860445436719666 
362	-0.9859047883881262 11.829948245200889 8.030636536479747 
363	-9.274678654921924 6.504902879356164 0.6876979224179322 
364	1.2849019465563318 13.800402809712915 7.473427141225212 
365	6.344076678775906 15.976651107259524 1.7125270438271534 
366	-7.593516806879488 0.9882200057507985 4.864819839055401 
367	6.477608226274462 7.6210927873629855 1.4890349193575072 
368	2.0493611729307344 12.971705123009759 -10.891307681441182 
369	-4.684856939869156 10.728322903512037 6.910958508643876 
370	-2.434046759535202 8.625618398797787 7.73443907874138 
371	-6.261282459872818 17.075586774359937 -8.160648685200403 
372	5.701640953838025 0.20261193635772118 -1.4516328654956054 
373	-1.622705693622897 9.337039691653432 -10.54636673995808 
374	5.216668306371952 3.8710337731539424 -2.5990401795124822 
375	12.005765953832904 5.410073291581466 -2.4110292035340746 
376	-8.765022863821454 7.3773294233677875 2.258044108037019 
377	3.3836783153831043 2.5888866467084983 -4.167839239537835 
378	-7.223691888335676 4.008339585843946 4.993969544362984 
379	-9.409690840853136 11.447223766772078 0.47184275218775085 
380	-6.578044140175572 5.567808486547657 5.447621311348142 
381	4.443590669061371 13.772441713508933 -3.342346915613067 
382	7.581253972732278 20.688653876146912 11.22442378904659 
383	-8.00349781549853 18.682156648471246 3.8854567902228756 
384	9.53771530369243 15.10854325267947 9.201161960742274 
385	2.0153974148663973 18.578615940527982 13.693038616065026 
386	-6.18560950304986 10.485497682477844 6.073947029541197 
387	6.029833372205891 14.691090436524249 12.297346084935898 
388	-4.479054981373315 13.977220326671272 6.92502612542564 
389	-5.226245388634184 20.65241367554155 6.749496844359349 
390	4.418865123806681 3.4399607355759323 -3.635974566652441 
391	12.324377213421183 14.590656643253652 -1.2372745145563249 
392	2.1967187577607734 15.514258989901627 6.968798234702537 
393	-6.298693825662132 14.522637401514167 -8.460786481114038 
394	-6.408279894856526 10.374140403487008 -7.980529229012657 
395	-9.112521770614627 1.8271219675825834 1.4188105946577882 
396	1.392781322241745 12.427021995453211 -4.794501984835869 
397	2.5010848525720433 9.53604776868818 6.86887575613383 
398	10.192542438923939 5.364392682171209 8.708951599591535 
399	-8.966760531291587 12.972586673128978 -3.4836569034485665 
400	5.913201001362499 18.48100947147112 -1.1465259404975205 
401	6.061750375850546 8.926519031025219 -0.8519608647651037 
402	-5.349418976947415 4.72224712361717 6.616400564256903 
403	5.6960646129449986 14.094646646048448 -1.7820507791248394 
404	11.927076240784851 14.743112218119022 -2.9230865819810505 
405	-7.367148492277432 4.342728753021794 4.94491963263009 
406	6.357128034266087 2.9248779105350007 2.1468522060236306 
407	6.093354413897787 12.956100181703288 2.5879471867830075 
408	1.5139723535040157 14.525546630649481 -4.730819299906502 
409	3.5847067961877213 10.306915011866774 -10.820192861857107 
410	3.7912174008544874 10.377058181407117 -10.650657454678239 
411	10.024551286007233 13.877752791424784 -6.386078455797314 
412	6.592686105733605 4.17009740149135 11.937850722028292 
413	-9.021123671475044 13.827963974415312 1.2292748177337107 
414	6.22308648174062 2.7622134891377197 12.118216104540673 
415	6.058504180992923 3.20542990022072 3.2585045759335136 
416	10.969753343570083 3.2662686352396335 7.441591746679298 
417	3.9290942373630355 0.35964487040825494 -3.923757085811052 
418	0.11028268637408271 14.861270368696767 -4.663631161423867 
419	4.033112647934924 0.16547788444747774 -3.7299211653477333 
420	-9.385662806100282 6.61115442849144 -2.7158611457546726 
421	1.5287674966765963 7.86644862973273 7.562208815371676 
422	9.796185363079788 0.7971230046233049 -6.846115465180237 
423	-6.399006118512924 0.9729285821878362 5.978595643840376 
424	-8.524489384885122 10.75277919653337 -4.753995359823835 
425	-7.880983387619761 7.5568128097319525 4.0003126625465875 
426	1.7335281003134884 8.383341411170422 -4.7370001848901016 
427	4.47024289112953 5.41643976305593 5.568785323803883 
428	2.3482970198689737 12.96395464777336 -4.638596608941128 
429	4.468766955360278 13.699927075098778 -3.316078742824217 
430	12.48956142404497 6.580636181158833 0.14549138195478445 
431	10.475626917343531 8.143588608667178 -5.845684408642573 
432	8.715919403112151 11.027907602073423 -8.076511658907625 
433	12.497721746378886 8.216707545981425 2.2360202492066126 
434	3.9036830906784963 7.773747240100948 6.237510969681057 
435	-2.7330938519981833 16.534353540535026 7.76517513636169 
436	10.038806056287097 8.489889070204487 8.626074657901563 
437	0.37150876176711983 15.444979576163787 -4.830566574493938 
438	1.8596147920250852 17.340404155048315 7.201051884751109 
439	4.015490083261087 15.759976067226473 6.175478918433045 
440	-5.672193362621922 18.449347208095375 -8.792746825554046 
441	12.304637788612581 7.2300419592900935 -1.9883227421649607 
442	5.356985591484304 15.8257573563212 4.46328672439801 
443	6.202720796815898 13.984220625598635 12.265029348713439 
444	-0.05813887197069299 14.663409983899625 7.888580589033297 
445	-9.311125956932559 5.630221196720628 0.4131634981271077 
446	3.44847349574805 10.74387825617549 -4.057239668046008 
447	1.1980018812851472 14.690425874041718 7.439992428379495 
448	-2.177698080367232 12.571786494711375 7.708584962148903 
449	1.9603096953407186 16.254522291497363 -11.14185090089278 
450	1.5993490552405047 0.9837394410260969 7.477507756421792 
451	12.294548726108525 17.174624965816193 -1.6586418981359066 
452	6.0598665853065965 13.65906068901382 2.539315177386506 
453	-5.642372266195145 10.622074509198116 6.448327978091334 
454	5.339959938032098 11.499712511473664 4.476631390118508 
455	-9.459758289886585 16.7866309555438 -2.170031097165863 
456	8.225104686037731 6.507768124593794 10.75433913361961 
457	1.6253991356148172 8.786113980533601 13.893183080407375 
458	5.359832953946358 3.4605199119454255 12.662259269747507 
459	-3.8389248400128917 8.791823937433135 7.379971862407879 
460	-9.3897443980187 3.4585687531987377 -0.7915434358539613 
461	-9.331383012088741 18.12162371143217 -0.8842455704768112 
462	-7.369564621014958 5.931165361246641 -6.781661655883796 
463	-8.11737401693612 2.5290402143002955 3.821283635026777 
464	5.5110496253622365 2.0927320053627296 4.082279009364291 
465	-3.458149492826315 6.492489286324861 -10.365711435565853 
466	5.923787617524367 9.834115435601948 -1.5413809743757414 
467	-5.903701482564555 21.093826793550257 -8.551276469950443 
468	5.8150934786059185 13.529024912021432 -1.429058116277277 
469	4.7423919294859695 11.786739791042246 -3.3365220076995 
470	3.546870985171676 9.358831129848 -10.792750169538703 
471	-9.020980813338085 1.5646222691054907 1.9987959312114605 
472	5.460852773436441 3.1547135518089093 12.708173229651516 
473	-7.145678743880281 14.621466932295554 5.348945997746592 
474	2.7280087654149465 16.254270328959507 -4.307764446844556 
475	0.6746499565750497 7.670357633909635 -4.908014299373227 
476	-3.931864143692448 11.579151837539058 7.395813442586126 
477	0.5890451245953544 2.634440863290616 -4.80944717640847 
478	-9.38137341619194 3.5230006840223607 -2.665214894577083 
479	-8.780262747947116 16.589851999490048 -4.783692334308158 
480	12.320815984275837 5.88157094606657 2.6392939312188735 
481	3.0365023236297857 16.397004296622647 -10.903910910864608 
482	-1.2126472400226986 11.087111468769804 -10.752230545712006 
483	5.196690893139047 1.3174510732976261 12.79128821006098 
484	6.368735713996163 11.235584055997426 -0.6131931591139 
485	10.192126541917125 3.5662018884373126 8.446626275859845 
486	-9.605139381463733 10.727766713744117 -2.4190990617141597 
487	1.1438800324191751 10.309033495453043 -4.804555839583163 
488	-6.100397717783514 10.516084500482599 6.00482221169893 
489	-2.798965266371942 5.327862525865196 -10.072016739309335 
490	9.159734517117053 4.975850866036988 -7.566816104397842 
491	4.618282284703992 10.163987940387134 -3.3059199504397263 
492	1.728993304496875 14.406640171719959 13.934245693793725 
493	2.6722379817544364 1.575786884723172 -4.4689614333891985 
494	-8.020590427202269 13.023794492664239 -5.749312714230596 
495	12.667966946924173 5.267574993706221 1.6537378529288074 
496	9.390110503976254 15.425887063933164 -7.426836893762556 
497	-0.04658572208349239 17.172549139930158 -11.075195956881519 
498	1.695093592783656 6.156667550206143 -4.663925007320802 
499	12.183881110387688 15.775057750105685 3.671994743935979 
500	1.091386375832641 11.001708147207259 -4.800303126195314 
501	0.6285203479944239 18.199837381690735 -4.739511349161806 
502	12.298241958085864 13.996352614818075 -1.8317135461606688 
503	5.082563007432403 10.993386205040938 5.0572056582579075 
504	-8.985436348052986 19.640916076506446 -3.631194929431664 
505	-7.055192677478715 3.9621905441376897 -7.295135184647552 
506	3.0284429556996706 12.41368259440254 -10.715913388729252 
507	-8.125252615067481 5.063365319490148 -6.373374298079348 
508	-4.799728788489651 1.244695047162582 6.9791180959168315 
509	5.139353752433158 15.635559358474355 4.6037179325955 
510	10.465001620369872 16.94883773716643 -5.745972252705412 
511	-9.283100288752085 19.688947637669447 -0.07335694830774307 
512	5.270738946908736 19.848711636729885 -2.429287437951594 
513	1.5434354117232696 10.868207757088935 -10.865253101518228 
514	5.1747322513292024 14.096608790107389 -2.977584515616513 
515	-3.832335301819332 15.619719272681573 7.214289549181651 
516	-4.678259475643819 0.8574377635042261 -9.660104094145089 
517	8.892315732757408 5.475069436012111 -7.696454347257825 
518	-9.454811785748191 4.084533411218833 0.2838659381365003 
519	-9.260891811616231 7.405068384672899 -3.0758696037893722 
520	0.9495206702049526 18.63359703897492 -11.028417975939043 
521	11.656899817102742 4.490016842316492 -3.8666264643388764 
522	6.120960158075439 10.874423501859797 2.517230610812662 
523	4.553484738551727 4.94576420656815 5.3887001164763575 
524	4.637184723216076 4.45958330367966 5.754494430148455 
525	-8.920244835235213 8.797890912532786 -4.540774891974415 
526	12.423920875417004 3.4455116389339757 -1.3755789516906651 
527	6.354962334079732 20.11758086292428 1.3789900344749553 
528	-0.6543506127176935 8.143969890763866 -11.016905318004902 
529	5.832456721003976 7.218668724553794 -1.6982383859021617 
530	5.898803198653773 5.57677698777544 3.499700508117073 
531	-0.04514295774756616 12.759531648312533 -11.001087921439842 
532	6.111552048335312 0.1875435372378237 -0.5017145278862796 
533	4.664982611545176 10.965509561249005 -3.168955185645013 
534	-7.629072748843079 1.43300763355344 -6.577977064132918 
535	-1.543740673466106 20.943694257426138 7.87942949890069 
536	12.376366254806284 11.297393152062487 1.0023054755444607 
537	-3.4893787829403906 14.871823183430418 7.61954168269768 
538	5.941676167423719 1.0793678187602325 3.2369914987312005 
539	-9.265305276251185 2.474038897058762 1.214226490027035 
540	0.3902175172789368 0.9803343053832378 14.14258200982865 
541	0.8988440275049251 16.587385348632935 -4.913128949284434 
542	3.1837910736089787 13.391349913579566 -4.224647085554389 
543	11.933052630514272 16.954669069817307 4.925386688731057 
544	0.7657341887821743 13.093630525812307 7.6381629625224745 
545	4.621105227811054 15.009568305364985 5.541618134923229 
546	-8.461788716790062 10.654518347641 -5.398057270365408 
547	-9.422320805331431 10.271645712062615 -2.4332893086366782 
548	-9.275518007906024 3.3780320439321523 0.8872763438461058 
549	-6.189973430068172 5.689388590701089 6.18237986419815 
550	-6.2545764407655655 13.532156213470483 -8.214743856151637 
551	-8.460502405188386 11.13849853499944 2.9580818746592557 
552	-4.566988921787754 8.59112799278727 -9.368059626829888 
553	5.747275338735723 17.702547776021884 3.740926810362413 
554	5.5889045911626845 1.5765975255775768 -1.7095921456991552 
555	7.537143589161142 13.63151276495839 -8.826596879008974 
556	-9.22988414993769 12.525599578668691 -3.401932036818817 
557	-5.476976039588769 11.192460647510801 -8.808928254004158 
558	-5.261023671272265 12.086914889994466 -9.099902442531269 
559	7.904174879144065 8.616971538727016 -8.46474714979921 
560	12.609148928976467 0.5292733234127887 1.3040811525768734 
561	3.0544498963308144 6.026774358405116 -4.083082181888566 
562	-7.097564438250732 15.685249689440386 5.352976514345933 
563	-8.865555851074458 3.2015070648638084 2.402742758309358 
564	-3.6174949647559065 5.270072332792342 -10.057208974097264 
565	-5.193709501644379 1.8887677274725811 -9.161254916889996 
566	-1.9666959472995493 10.820394451391575 7.970394527212848 
567	0.35107294508741294 17.13599118537055 7.651944495717638 
568	1.4928628648075863 8.413139217578646 -4.659043944935761 
569	-1.179007348805114 0.561320189608625 7.8867547271871725 
570	0.903222995601002 6.552857613477031 -4.780772035180349 
571	6.906763971990398 13.131798112606525 -9.456075826364412 
572	6.168998536771788 15.917187434978723 -0.7576060481468789 
573	5.37977164429897 14.741788110473191 4.30480251803583 
574	-7.995742004072954 14.936376875074929 -6.023346994706509 
575	4.566803429219936 12.016287879413149 12.940831675427415 
576	-9.409487954663698 14.467947105570293 -0.9799207860504577 
577	-0.5280736004177605 13.679750138946211 -10.98568436807619 
578	5.698510049208229 6.4119403514803714 4.028856960796124 
579	11.510377201023255 10.339777806877223 -4.278405206584416 
580	10.373664144994866 0.5810940156976012 7.9950216447426605 
581	-3.910927716707944 4.1165544910216605 -9.916675853537742 
582	12.39475419497664 6.620701691802486 -1.3015876443258223 
583	5.29189566682243 5.240217354467667 -2.306454668073585 
584	12.412210809221172 16.721501365103443 3.7789801462296855 
585	4.84093397629173 11.676574657264142 5.358219483399427 
586	3.8405137676744903 11.478891194155096 6.327859875413794 
587	-3.9364235826300784 1.7271699408101147 7.315898141786685 
588	11.244337635414961 2.3278277718127116 6.381569981040498 
589	-2.2714056644904264 16.94774372016234 7.807709304226056 
590	0.24706132178726403 3.2484421405187747 -4.850802601886332 
591	1.831795059294973 6.731965867564137 -4.673066740054358 
592	-7.395099750651863 11.28030605612665 4.669952508452849 
593	-0.7589445929715644 16.807216761067316 8.015829731186875 
594	8.825234806638779 13.171555801857256 10.201107351296635 
595	0.7804442550433902 10.341189054439008 -11.131836603398337 
596	4.55815901371189 18.380711439288895 -3.2809447259306346 
597	-6.935465890118675 3.5617135173830237 -7.465144470987593 
598	-9.583136604539437 5.444119027644153 -1.4769999840727017 
599	2.2357029466805765 12.060653329462859 -10.865756420862104 
600	1.5740547482043583 0.4022161549816518 7.221535346933966 
601	-9.682423174301958 9.001329746123282 -1.8615718508399075 
602	2.3681316208515315 3.9169665523967465 -4.452278261458412 
603	-3.9782411410918033 6.669287217739432 -9.881763792537793 
604	11.001121922501202 8.9739283848122 7.264907645428271 
605	-6.981684566851843 17.95370279070454 -7.319733957684668 
606	10.6550767355103 18.082717357067036 -5.509233386789247 
607	-1.0815806159929808 17.488894052481353 7.837014117762351 
608	1.348663701310551 10.924663029057795 -4.551065068603347 
609	12.691578443410025 17.205173849429485 0.9356411135342224 
610	2.812612537244859 18.149740145523417 -4.457597923399869 
611	12.522575826334139 20.78755818768548 1.2615296808176681 
612	3.589985678121326 5.915992907256448 -4.206406830425075 
613	5.5098294534255885 14.992007244426857 -1.93933276138756 
614	8.89075420798513 0.9944154477723893 9.920928511170127 
615	-9.431488151173674 16.00873395438766 0.7999070662747826 
616	-9.015973408712036 5.661883403668128 2.41459856674443 
617	12.55406665528676 14.616005561500701 0.7541307264347172 
618	1.2918419538316805 11.25128455606918 -11.103867643758326 
619	11.485610546587255 9.852655032987506 -4.28787042584915 
620	11.60121587096693 9.238751226564776 -3.9403162214896335 
621	-2.813182603447865 3.8252168508994497 -10.147013733085648 
622	-9.049784502078861 0.1426734996933154 1.9900650569424465 
623	-9.535833409561446 7.03812050481157 -1.2898843828785698 
624	-4.206491328207806 6.1444924604098645 7.476227837581023 
625	-7.929754934642774 18.111195151735288 -6.351943331204821 
626	6.059188984753822 1.3623241067543508 2.2946042232011785 
627	5.584454209932083 16.162341863010152 12.56869265918262 
628	4.148996565537849 16.330332909454757 5.797094621929134 
629	3.7466050392915977 0.8821969074261877 6.398825515948549 
630	11.195295148521112 11.844677482173605 -4.386721032739883 
631	-1.0989144163252644 3.5344551938524553 8.018567837868622 
632	-0.43187761414479386 3.9638633608933986 7.825084921871664 
633	1.7922994591179613 19.5884592844134 -4.6905462260336375 
634	10.145268134938283 2.1475095660809274 8.620113723887155 
635	2.56936939998567 14.445211316923597 6.96955346646556 
636	-7.9129893395254784 4.10980015166659 3.776683785627342 
637	-8.357106041093594 11.730099201578088 3.1290694997747917 
638	8.039717622545243 13.130556543102891 -8.31427941150638 
639	3.2798521446111435 10.44909460535024 -4.240551000115626 
640	10.048574661994774 15.745981843635159 -6.503284444672041 
641	-5.733718110951231 9.014378227709914 6.423668369257373 
642	7.741448959032633 3.629615225827494 -9.175675366947702 
643	-7.428907154944893 2.919140966056009 -6.785616896759718 
644	8.818881627829617 7.859952158764299 10.373153122196369 
645	2.3202355603137668 6.8565686704812725 -4.765339194381663 
646	-5.8377595237921005 19.18875625691652 -8.39826567758611 
647	-8.958787225713984 1.8751571396857902 2.4061519622291363 
648	6.672441691800851 18.883710259887067 -9.30347720105598 
649	12.37247115279429 16.06380531805541 3.4837802618654883 
650	9.86219711242214 3.7733312910423944 -6.49463678267518 
651	3.589528221769916 12.66236606001187 -3.9340843391190203 
652	-5.65351006476552 3.1493067867637663 6.464722207582078 
653	-9.32826344564769 16.577671357549736 -0.24959336727252532 
654	2.5273487140043276 14.938718510761495 7.216264094428759 
655	-6.2728536942318724 1.162366351145523 5.737494182915628 
656	5.873392970648327 18.29530710923443 -1.4286330588825975 
657	8.81956340638748 13.073598082273966 -7.813083780694437 
658	2.2268406249993786 12.196730261103772 -10.895595021571635 
659	-2.192796412402247 19.875387389435783 7.660426562597126 
660	2.9547760247926864 5.89499907176096 13.64885892056703 
661	7.81078878951577 15.357410516241252 -8.7548981871927 
662	12.33939709385231 1.709655510196709 -1.8224041570723724 
663	0.5174482349246782 16.21602660317514 7.569900260807815 
664	0.2989268503765471 12.197784243544236 -4.657196200992718 
665	-2.695383917878071 8.77345051443615 7.729367690566727 
666	5.171128511139923 16.14121255875927 -10.311061197921017 
667	2.459270239838864 15.922996540571761 7.363255170259098 
668	12.695386639954894 6.277137173243923 0.7212827982427825 
669	-1.9019419192505709 8.885763744905544 7.87691938160076 
670	10.790642251424094 3.6090197059574662 -5.320188480525408 
671	1.2644832101381545 11.39094664927686 -11.054001418549626 
672	4.884506762740326 13.708228030650513 5.28146027869617 
673	1.8067124778302077 11.771963039138422 -10.989075403878743 
674	5.176287276926172 1.0912414723713073 -10.031690215631226 
675	4.937253480389409 0.07944539579285026 12.992228432274885 
676	12.514288828335637 1.1682879776970596 3.7312395830232385 
677	12.35284569328788 18.134954445171548 -1.9994800559855919 
678	5.627358963197145 3.214452717214352 3.9497686765234197 
679	-6.767122022971231 18.826244666279255 -7.626693674156036 
680	6.751610264164805 8.65315987681393 -9.341116552077326 
681	8.759069036670857 20.195431601927872 9.972974247463661 
682	4.43221768667598 18.990922556160378 -10.547467556623594 
683	7.681632829454874 6.484719352459807 -8.771739459736404 
684	-3.8177519094297825 7.050119756009205 -9.761305750532147 
685	-2.169304066291401 19.02516476682744 7.895216396880128 
686	12.046101527322856 1.2252148996857415 -2.9457843262618146 
687	-8.024875558668988 4.892672139246964 -6.105125543040511 
688	-1.2600528951815337 12.878088402389327 7.937032218858443 
689	-7.153079019775547 13.19932859779469 5.135901622990146 
690	6.276453277347201 9.649535241800004 2.6748129946668544 
691	-2.98316049723868 2.052655577471661 -10.28610722311326 
692	-1.3988753774006857 7.123150111273373 7.776874811468348 
693	-0.5411942979161077 0.031788490492530075 7.889732284265773 
694	6.163447826690436 1.2872244070013608 2.7666134967266656 
695	9.027295797697317 7.3830216726320685 -7.6636407064294305 
696	10.569830118491584 3.9963545209168894 -5.934311524764444 
697	-3.755515197672979 5.188951137939221 7.413392365891135 
698	-4.094242132873206 4.2045846484757075 7.450160556259207 
699	12.57485874972994 2.653921721974883 2.7832289638787353 
700	8.127097661869486 18.15394270182468 10.7927658488756 
701	5.428740096575227 7.360050871286218 -10.105097392380989 
702	-3.9877170357979974 18.192339433072004 -9.66314051829682 
703	8.662949532170238 19.07488650537342 -8.162790768849009 
704	11.902303905885322 3.2205782943840533 -2.814487027558544 
705	-2.7863518991397505 7.462150582703941 -10.354042364932255 
706	-7.063321040742993 5.824576402617512 4.969570145226673 
707	1.0162615292087847 17.25787795836841 -10.92069402841377 
708	-0.17932866641047657 0.2580970338074152 7.782557897993527 
709	6.37940103114326 0.7860824386129069 0.06382695507887036 
710	5.194864866171147 1.6666195437676457 4.630110252167769 
711	2.744243332883604 18.439335118905785 -4.531829762779942 
712	-8.957516070264468 12.90787158715935 1.9826192950877481 
713	12.374017448191731 15.059642478913126 3.642738480713275 
714	-9.526718051230826 4.15300814692785 -0.8566686353271065 
715	2.9167117082319263 15.53059581871361 -10.721552037609317 
716	12.209238772132476 13.526739779334067 4.2871672913741 
717	1.657918511161769 8.741838977596029 13.841750712370883 
718	12.055543485708519 -0.04243425286025333 -2.9012545147030266 
719	9.77377504642872 2.5500445407353878 8.766656823330845 
720	5.931112630199786 4.514760012496664 12.208687630032461 
721	4.850540645290281 0.5313244836203936 12.7496546698039 
722	-3.0000526965423067 1.5531482831022423 7.6365920809037195 
723	-7.362375915740067 1.8445189997581084 5.084415691422418 
724	-8.163052878405065 20.88441782253112 -6.134454712208205 
725	-8.711129625175511 4.450037875481035 3.109864252960941 
726	6.915813092222726 12.126718466378081 11.730652404547493 
727	12.630128368515399 2.742677411463688 0.24022921010432538 
728	0.5620357927319158 1.0527898163130305 -4.744527419480664 
729	-7.555096507683771 18.477460814682903 4.706620328425572 
730	-9.356946274482649 13.324745452440082 -2.3178403816750333 
731	-1.544342773032654 15.67663114439706 -10.852521835150403 
732	3.2171399471808253 7.611102672264114 13.326004225607393 
733	-9.356362234460308 13.443105621277041 -2.599970313590655 
734	5.827595819511635 7.461661110101194 3.7670008167894506 
735	9.720211663601317 0.59924952529664 -6.91635185815364 
736	4.207123075046893 0.264402264707919 -3.490734162395965 
737	6.41439876070877 4.949733938588611 0.5450830846656717 
738	0.3311602339114638 9.052588136197674 -10.924523218552697 
739	12.314862607569518 5.76053259505965 -1.3045354225910932 
740	6.300845900524424 5.540996911194797 -0.1904265126494401 
741	6.32581189986659 16.80518711092133 0.7258330415165797 
742	-0.0015662497408430176 19.376630021764786 -4.7559964839408115 
743	-9.365586493563974 5.209389438234585 -2.156469247906935 
744	-8.75728220972498 15.315315382154278 -5.023839703681209 
745	2.7738738673297436 3.1673252780691135 -10.838109776748489 
746	-5.491658215558138 13.222918201608811 6.615264909126949 
747	0.3928853481102778 13.399978510393906 -4.675276919884427 
748	-9.443523096731937 19.43864474175584 -0.7412964512694057 
749	2.7375069495470536 10.726678610753053 13.711039805199032 
750	-9.029848630555332 15.282758205002505 1.9841884221257238 
751	2.5824603818305967 13.277114454739912 6.992545445096025 
752	-7.9385804106041995 14.50320079438396 -6.296944712433963 
753	12.598699852521785 12.072835237080609 1.1637133741114694 
754	-6.842572827081872 15.577108451199138 -7.263239672198162 
755	12.492667105184836 3.2978902482963792 1.3116417233651878 
756	-5.588774121927779 4.802072204379565 6.437198194538072 
757	4.7173658254852135 20.960116388880426 -3.14144982492774 
758	-8.533734026764652 18.835703068949428 -5.2050580776527475 
759	-4.585086398025078 13.776571978001302 6.884938262914667 
760	8.696782561604588 20.788657232029685 -8.00085830206579 
761	2.3978924743406913 2.3442603541074267 13.695706269127843 
762	1.8831183591713017 20.940485633435635 13.848599917045554 
763	10.048899839776551 16.038418926285026 8.849969377257516 
764	1.6526037169146686 5.712540870235157 7.515355182113063 
765	12.537061019942216 6.903226328445875 -0.7389821681527174 
766	12.063624248300501 8.497309584543126 -3.0050349508267553 
767	-9.529185150055044 4.9610054841536115 -1.3411498399374258 
768	9.155221634473106 2.96153577456839 -7.709691542572308 
769	-7.337284164774644 14.486744123934175 4.811126296923182 
770	5.983471360930574 7.838729735253863 -1.0025549132670462 
771	5.08449336129677 8.081822261997718 -2.7680157553279185 
772	-0.6358675683806532 7.544948169754368 7.625640389247905 
773	-7.359881048930007 11.462813328857653 4.795918850659048 
774	1.6965580669665101 8.109285315196157 -4.654085820426327 
775	-5.450790868613883 8.942227976262677 6.557714670974438 
776	-6.294098406656011 12.543664596891178 -8.308786458233975 
777	5.40664718731662 16.926589659800594 -10.256377322867342 
778	1.7343813357771953 7.508943193085422 7.4118368848368 
779	-9.033434927561478 5.299445244943549 -4.038555680394735 
780	-8.583815427692262 18.27493609231778 -5.444424348172729 
781	-4.996580814406951 9.960340644693355 -9.053681957320016 
782	-4.793957853809841 10.30146486854117 -9.298658483349683 
783	-9.32703859729236 10.810426844489912 0.3832952692929616 
784	12.561174250848056 12.619118918313548 0.35469241740603297 
785	4.952413561238551 14.264871855222362 -2.8565814037208175 
786	-8.801561984042566 18.584168916863455 -4.621215190667132 
787	-9.181628028190204 8.141371213304096 -3.532745582267186 
788	2.507616641916178 14.215778718915494 -4.520634282786517 
789	5.569113927936296 4.71889175891483 -1.8668564791898499 
790	6.219325206476511 19.009899125203045 1.32909390206649 
791	2.7941123704799047 13.395660081867707 -4.538016313839085 
792	6.97036838067422 9.759785092194353 11.789288288467684 
793	-2.3291581131512706 17.417839048389546 -10.413479465629376 
794	-2.1668794045853725 5.070972155881307 7.814405236344916 
795	3.1173828917811255 20.38977903387208 -10.983311056168539 
796	-5.867706286833957 15.092053033470958 6.4009267485112025 
797	5.092068890164877 2.78868444678624 -10.229109545084235 
798	-6.533817668913174 19.70037653870397 5.748882974516781 
799	11.829902736386328 12.734073434203456 5.039907829035024 
800	12.462089931586883 15.194731795190501 -0.03898009870551265 
801	-7.732015067861488 4.688846709488707 4.358011711446556 
802	-9.5170855823765 19.4066970572823 -1.3548924945664487 
803	6.3502463696215035 20.252440159290014 1.4012262790888925 
804	1.638768840057623 16.531210255914377 7.481682708777744 
805	-8.230890162686645 3.3727153835376416 -5.4947297836163465 
806	12.51088801335646 15.438649979281859 0.018711490685774476 
807	0.19080847308813711 13.010353473364718 14.006474806366535 
808	-9.35570652369805 18.298322516124 0.28996015688196086 
809	3.206273206352198 9.378275634857179 -4.23056581411189 
810	3.372783901438911 20.261568826039106 13.564810295599887 
811	-0.44443293255475064 20.96944500072873 -11.024275281937957 
812	4.579144154726394 8.562678702289817 -3.4355296235935975 
813	-0.8574052564795732 15.04413882326767 7.879742169871806 
814	4.8420349834205645 20.60789586709468 5.027115526259342 
815	-3.605328117732245 16.95740704892981 7.277163035084035 
816	10.80067925881267 7.656039136934844 -5.225895679938055 
817	-8.260296592937289 16.454919254268138 -5.624167135241531 
818	0.7941618876074084 11.996429524821703 7.66028654743831 
819	5.342406326778831 9.429537757684802 4.575540795891389 
820	-9.262523696309712 19.52634457861161 -3.464136910221137 
821	-9.642934225274223 19.922016470928273 -1.278817405442851 
822	0.5478713046556494 19.325689304839926 -4.847732803497367 
823	-9.321561003918587 6.566716616930941 -2.194942380323389 
824	-0.6316882523568901 17.044810293476367 7.899851268176477 
825	1.4432620249496355 11.333728439005966 -4.677562473672646 
826	5.9247711071553075 15.17046289484016 -1.612216570694117 
827	-9.605203906180657 20.605549934963676 -0.9498171079300606 
828	0.23636215312394032 11.577318464289622 7.864223043219659 
829	6.011211530883498 9.446869235764332 12.330058651896213 
830	5.492185616846939 15.3902937691052 4.164191963751117 
831	11.98719835731566 9.235722993122831 5.284000885362202 
832	-7.499541032132726 13.87329180153967 -7.036233311785346 
833	10.986340386797613 11.061167919912036 -5.014448546069359 
834	-5.6644328441872025 1.8853626277960727 -8.82676243424568 
835	12.597740389757071 11.54586505886428 1.9736034971238674 
836	10.781386065895953 2.377018677298725 -5.648047663011034 
837	3.7765647698093088 0.05034564957434867 13.406601137120449 
838	10.848649959735692 13.213983609548277 7.698881218994666 
839	0.6123512230428065 17.26411409365595 -4.787396687284522 
840	-1.865628990229295 16.261024964584976 -10.811321001046544 
841	12.564693920447414 13.766051775983943 -0.011331850601326299 
842	11.457750737900668 8.638623788980944 -4.3077498081632415 
843	-3.4763798752092265 6.772584883182208 -10.299472416495247 
844	10.73434325648992 0.03732199706415359 -5.473186860227892 
845	10.388437262278602 15.263038451381867 8.400830432840337 
846	0.8573226501223798 18.260668943976913 -4.907577982763742 
847	1.9828529075153407 16.721557143385425 13.804766001327781 
848	3.3993664346706596 9.941844845189474 -4.266527425569853 
849	0.7911654211517558 0.04212643497108576 14.008801955819285 
850	6.195287804750657 9.89478963007919 0.2531208519584503 
851	-9.1603088179014 5.184166717563283 -3.2766594663132933 
852	0.2996233409330862 5.933739799114436 14.135118749770946 
853	-8.273528673043764 3.2983022135273132 -5.802996948940692 
854	5.946749951166084 16.426607251554547 3.245382228980142 
855	-5.733362986754381 12.090783244469037 6.45928233030488 
856	-8.34481973474061 15.211672072903678 -5.501348432772643 
857	2.68634501259673 18.925694511058047 6.896656414565557 
858	1.6159775511576417 1.5064190342777575 -4.678078339512397 
859	-8.26784058757855 4.974120947019524 3.473106363473307 
860	12.32338572992302 3.984170915405093 3.7239745149492505 
861	12.54361875492464 16.67990877734506 3.535526966584242 
862	5.1425252532839165 16.238775541159093 4.839581321504088 
863	-9.48237635824615 19.84210298099811 -0.2948079181033895 
864	-9.520925591076297 10.521630480728307 -0.7748532840774519 
865	-7.639359911303624 9.667950663660992 4.456281500459688 
866	0.08724316053900022 2.375545670033057 -4.882261572609314 
867	-9.448416393892654 13.532274700965273 0.17250458190985518 
868	-8.346882574282747 6.438970858540597 3.7905417216422617 
869	-5.378025677673071 16.519870506998533 6.6139146690975945 
870	-7.713693937939315 9.30289001748541 -6.470485805117671 
871	10.38427255224984 0.14904636499209456 -5.7987922116677 
872	8.46394190827923 7.900179931550675 -8.386375051260798 
873	-4.857247163542969 4.4187046516663075 6.78153155839231 
874	-8.623446014717095 7.5500581683304775 -4.859089910938963 
875	-9.527096310401726 4.746961526326343 -1.1567276831701547 
876	6.486327230875244 18.498517823934673 -9.724892096437035 
877	1.9447078070402728 15.090330928193412 -4.8144892059139455 
878	9.639971206572485 13.950952698674858 9.300638606201868 
879	2.6942765632585606 15.973467246386084 -4.505764943122661 
880	-3.4616017712194065 9.475619555977625 -10.101419578963954 
881	12.57356090249656 9.672097987154567 -1.3483595716750998 
882	-7.774217639405125 14.632951839171184 4.320727020904917 
883	2.1562650724654193 2.309724871057063 7.124204344566929 
884	-8.709085099181266 7.4385449575390465 2.579551574203508 
885	-0.11909341858883621 7.526765088082497 7.778041387504658 
886	-8.226724736938424 4.485538272717367 3.582269432285232 
887	9.727336397629589 0.9356658119913653 9.02970776297909 
888	-0.07164926014925929 5.399421008959273 -10.993107731064244 
889	-4.661421842901282 13.4051141625634 7.112686035796893 
890	1.0848388461806109 20.15575066475515 7.6663977872327145 
891	-6.983206839667682 10.468615709063183 5.493105146704438 
892	-0.021854019646613723 16.238513380132144 -4.83308470256868 
893	5.374029806783017 7.6885387841829145 12.557912092447518 
894	-4.754221030836697 18.459182728367974 -9.235948975681731 
895	3.927059117322837 2.7519327855394167 6.157862585985175 
896	-8.383120113511307 15.373370028934945 -5.292641803114036 
897	-9.278263794113485 7.862329000426576 1.1006403340238813 
898	3.2233984714603428 9.466411510969541 6.677768884061681 
899	3.450174271651832 4.970629145606001 6.298648239014902 
900	-7.959193090415212 8.105353240604568 -6.036326325978964 
901	4.736028347937748 11.182743352128668 5.368504848177682 
902	1.4879844695668287 14.667997200664486 7.494941161003526 
903	1.2095240791917554 15.433984662195057 -4.825538024855594 
904	-7.5053179265379715 6.674625151465303 4.848499174485959 
905	12.677727835966285 20.965238703511194 0.9662188543038298 
906	10.452196638235497 7.360127034222636 -5.976103860462165 
907	-7.1603610369852895 10.469542243101156 -7.2810691985923 
908	12.285839915698508 13.499758635434663 -2.0328586356918383 
909	0.3111195035543606 16.705186679854126 -4.678658582687299 
910	10.961176539668111 5.710706549142326 -5.367007264097554 
911	7.776271323043845 20.870561593933925 11.061602313206505 
912	-9.589118992901001 20.678995940788198 -0.3118723534017161 
913	-8.765369411691681 11.4001127263349 -4.738288540045003 
914	0.6372272442275875 14.938907841294473 -4.725415455332887 
915	5.385868143165729 0.9110309453000108 4.379569832080297 
916	-2.8236193395575553 20.328051084652884 -10.295112773403172 
917	-3.379152731255709 0.5888949985143201 -9.981315128563676 
918	-2.3228423066572015 12.3446716852766 -10.604138391854145 
919	-5.194438867047705 18.76799663551874 -9.237542051951669 
920	5.51436262224736 0.4324569059655097 4.484610447735769 
921	5.7393049803643805 16.206975139250346 -1.7999820980102972 
922	5.525464029021722 17.94357356324387 4.485509131459761 
923	3.453926390770441 0.8216548866608155 6.436437302281888 
924	-8.070569750064632 10.160882541878964 4.021676452164451 
925	6.920739814652797 7.248502240046716 -9.23180291425895 
926	-2.2951976926362536 15.635818998624087 -10.522767491470518 
927	4.012299873332856 0.3949240630231249 -3.716611046038488 
928	-7.913158496532121 18.993800767144126 4.101951735080277 
929	1.3852422617811226 19.261425135133653 -4.8457537544235105 
930	10.384665892162065 11.71098674427852 -6.402377163349509 
931	-8.85075892347611 3.0853958017589687 1.6681469464598577 
932	5.52734684237862 1.6650763242802882 -2.084572367300269 
933	6.243327835341352 16.823420872696424 0.5523047767903553 
934	-6.57834717248255 5.543327620972948 -7.633147820909371 
935	2.377519813868598 0.15544919652308495 -4.620299321721656 
936	5.4602567088509035 18.08840556928313 -2.2933223484635787 
937	6.007566944082239 12.720468013423089 2.2525731677370677 
938	-9.26887066965052 17.72476210996759 -2.877573910291786 
939	6.184219119841874 2.7424144858841597 2.0810345624796254 
940	-5.924363847360916 14.160416151967755 6.240186472202522 
941	-8.672804767348774 5.10720962783392 2.686196760449037 
942	-5.973012365892956 11.236003990282159 6.230413161451046 
943	-6.171745892575026 10.064840739282324 -8.269056425325685 
944	10.409879229249356 0.4502269723062903 -6.206143887427124 
945	-5.215724906891724 17.257408267116656 -9.027710833179349 
946	10.29637266681045 8.416004068939072 -6.1903015550497935 
947	6.173487436841882 11.811965777103419 2.420171168220301 
948	3.1969748228490924 18.336620806850696 -10.904171335891771 
949	2.49950487542167 8.255586362616839 -4.38671702449818 
950	5.947286312905412 12.77047293060242 -1.372704752439953 
951	2.7346643502640315 15.598784244579027 -4.58093757394976 
952	5.35681797212906 3.1867863008748927 -2.507776424584434 
953	-0.9027889576705784 4.1773184682036995 8.032228404989679 
954	4.263825388650431 11.595387973118118 -10.469120520942372 
955	-5.764952127896754 10.031187049682702 -8.640667109878132 
956	-8.26003628052126 17.59626623565619 -5.850984049824395 
957	4.263583197880853 14.354767862048929 5.632189339637192 
958	6.046120446377038 1.1423053488940607 -9.714687896729965 
959	2.3895898720712796 19.766713630360734 -4.588724243750306 
960	3.737465937716171 0.09975149148725952 -3.9691035385810696 
961	-1.4399603137429273 9.871434687416631 7.959950330620064 
962	0.5976631568073287 15.803843558942699 14.078960177227907 
963	1.8549908531623431 6.4652023021744 7.4796245830803185 
964	11.392739206875161 5.900543558582144 -4.028607931679626 
965	-6.398383794607048 9.951169544689764 -8.262781326544834 
966	6.433618769478377 18.27759046848497 -9.684273306757316 
967	2.2679236241238803 5.501659730656198 -4.737761720310214 
968	2.388524430623167 14.70404975396845 7.083993851882204 
969	-9.39172719346498 9.80751132288897 -2.949360109887115 
970	0.6452065274649382 1.8602162559536732 -4.853002452379571 
971	5.99559787649177 8.868558974622715 3.1118732958329245 
972	-7.807785551082106 9.099744622196965 4.183341826825508 
973	-9.503942256392977 19.671613656922933 -2.6756914922544754 
974	-8.04527458053784 17.079442241979887 4.022403170405856 
975	-5.80981358216632 15.414849462137369 -8.576792106687977 
976	12.413319602557 15.499101756429125 2.872316055074626 
977	-7.898236241781478 0.17588309693509618 4.0897922175418255 
978	-9.527155017710273 10.111860625663486 -0.49479405046551417 
979	1.9850941546779424 14.150286313295597 -4.802387600659455 
980	3.8153911569469736 13.227956290148265 -10.799734417095893 
981	-4.05766320203185 14.275820763999281 -9.935982932985821 
982	6.29150454399385 12.790178516538598 1.2420877725158728 
983	-0.378790801265659 17.55169903645215 7.875045230474408 
984	6.196961116958047 4.244346242123881 -0.8791047521242882 
985	5.129694863422985 7.81314787865587 -2.719284672232339 
986	5.566103250213182 9.285663004244714 -1.8895883493949721 
987	10.381723514240102 15.80289641509443 -6.046526310791789 
988	0.26915476834234464 20.08635055972009 -4.925530907377889 
989	12.374637036363401 14.503650249300717 -1.3639324347112698 
990	6.231047023077495 2.1694473225465165 12.234084476301176 
991	-7.818278121050019 13.484853847845125 -6.191042583632692 
992	8.47653926164083 19.377752583151928 -8.039404104963523 
993	9.74431148210229 2.2067046899285017 -6.917373250572813 
994	3.418156394039936 12.105733275620093 -4.168498926298931 
995	10.793080303791518 9.95200538801067 -5.554434798780641 
996	4.674755920383819 8.910972840235734 -3.1468422685515547 
997	6.187392653769771 14.956020792701315 2.584674371777167 
998	6.351552880615256 14.446731362497268 0.7589780018266431 
999	6.359109507095935 14.696031859184323 1.6534053394837458 
1000	0.5546670138192098 7.044954466237631 7.683299163010465 
;
